(kicad_pcb (version 20171130) (host pcbnew "(5.1.6-0-10_14)")

  (general
    (thickness 1.6)
    (drawings 5)
    (tracks 169)
    (zones 0)
    (modules 40)
    (nets 17)
  )

  (page A4)
  (layers
    (0 F.Cu signal)
    (31 B.Cu signal)
    (32 B.Adhes user hide)
    (33 F.Adhes user hide)
    (34 B.Paste user hide)
    (35 F.Paste user hide)
    (36 B.SilkS user)
    (37 F.SilkS user)
    (38 B.Mask user hide)
    (39 F.Mask user hide)
    (40 Dwgs.User user)
    (41 Cmts.User user)
    (42 Eco1.User user)
    (43 Eco2.User user)
    (44 Edge.Cuts user)
    (45 Margin user)
    (46 B.CrtYd user hide)
    (47 F.CrtYd user)
    (48 B.Fab user hide)
    (49 F.Fab user hide)
  )

  (setup
    (last_trace_width 0.25)
    (trace_clearance 0.2)
    (zone_clearance 0.508)
    (zone_45_only no)
    (trace_min 0.2)
    (via_size 0.8)
    (via_drill 0.4)
    (via_min_size 0.4)
    (via_min_drill 0.3)
    (uvia_size 0.3)
    (uvia_drill 0.1)
    (uvias_allowed no)
    (uvia_min_size 0.2)
    (uvia_min_drill 0.1)
    (edge_width 0.05)
    (segment_width 0.2)
    (pcb_text_width 0.3)
    (pcb_text_size 1.5 1.5)
    (mod_edge_width 0.12)
    (mod_text_size 1 1)
    (mod_text_width 0.15)
    (pad_size 1.524 1.524)
    (pad_drill 0.762)
    (pad_to_mask_clearance 0.05)
    (aux_axis_origin 0 0)
    (visible_elements FFFFFF7F)
    (pcbplotparams
      (layerselection 0x010fc_ffffffff)
      (usegerberextensions false)
      (usegerberattributes true)
      (usegerberadvancedattributes true)
      (creategerberjobfile true)
      (excludeedgelayer true)
      (linewidth 0.100000)
      (plotframeref false)
      (viasonmask false)
      (mode 1)
      (useauxorigin false)
      (hpglpennumber 1)
      (hpglpenspeed 20)
      (hpglpendiameter 15.000000)
      (psnegative false)
      (psa4output false)
      (plotreference true)
      (plotvalue true)
      (plotinvisibletext false)
      (padsonsilk false)
      (subtractmaskfromsilk false)
      (outputformat 1)
      (mirror false)
      (drillshape 0)
      (scaleselection 1)
      (outputdirectory "gerbers/"))
  )

  (net 0 "")
  (net 1 GND)
  (net 2 /VOS2)
  (net 3 /VOS1)
  (net 4 /Vref)
  (net 5 /Vin)
  (net 6 VDD)
  (net 7 /VoutN_1)
  (net 8 /VoutP_1)
  (net 9 /OUT-)
  (net 10 /OUT+)
  (net 11 /INV1)
  (net 12 /OUTi-)
  (net 13 /INV2)
  (net 14 /OUTi+)
  (net 15 /COMP1)
  (net 16 /COMP2)

  (net_class Default "This is the default net class."
    (clearance 0.2)
    (trace_width 0.25)
    (via_dia 0.8)
    (via_drill 0.4)
    (uvia_dia 0.3)
    (uvia_drill 0.1)
    (add_net /COMP1)
    (add_net /COMP2)
    (add_net /INV1)
    (add_net /INV2)
    (add_net /OUT+)
    (add_net /OUT-)
    (add_net /OUTi+)
    (add_net /OUTi-)
    (add_net /VOS1)
    (add_net /VOS2)
    (add_net /Vin)
    (add_net /VoutN_1)
    (add_net /VoutP_1)
    (add_net /Vref)
    (add_net GND)
    (add_net VDD)
  )

  (module my_library_foot:Jack_XLR_Switchcraft (layer F.Cu) (tedit 5F4949D7) (tstamp 5F3DAEC2)
    (at 260.54 138.112 270)
    (descr "AA Series, 3 pole female receptacle, grounding: mating connector shell to pin1 and front panel, vertical PCB mount, retention spring instead of latch, https://www.neutrik.com/en/product/nc3faav1-0")
    (tags "neutrik xlr aa")
    (path /5F3E3621)
    (fp_text reference J5 (at -3.81 -13.5 90) (layer F.SilkS)
      (effects (font (size 1 1) (thickness 0.15)))
    )
    (fp_text value XLR3 (at -3.81 16 90) (layer F.Fab)
      (effects (font (size 1 1) (thickness 0.15)))
    )
    (fp_arc (start -8.57 10.02) (end -8.37 10.03) (angle -51) (layer F.SilkS) (width 0.12))
    (fp_arc (start -13.22 7.31) (end -13.71 6.42) (angle 81.5) (layer F.SilkS) (width 0.12))
    (fp_arc (start -4.95 11.04) (end -4.75 11.04) (angle -78) (layer F.SilkS) (width 0.12))
    (fp_arc (start -4.55 12.3) (end -4.75 12.3) (angle -90) (layer F.SilkS) (width 0.12))
    (fp_arc (start -4.07 12.3) (end -4.07 12.5) (angle -90) (layer F.SilkS) (width 0.12))
    (fp_arc (start -0.96 10.73) (end -0.75 10.73) (angle -87) (layer F.SilkS) (width 0.12))
    (fp_arc (start -6.66 10.73) (end -6.87 10.73) (angle 85) (layer F.SilkS) (width 0.12))
    (fp_arc (start -14.92 4.24) (end -14.44 5.11) (angle -78) (layer F.SilkS) (width 0.12))
    (fp_arc (start -3.81 0) (end 7.09 -6.12) (angle -80.9) (layer F.SilkS) (width 0.12))
    (fp_arc (start -19.72 -5.24) (end -14.71 -5.24) (angle -37.9) (layer F.SilkS) (width 0.12))
    (fp_arc (start -13.71 -9.9) (end -12.38 -12.13) (angle -158.6) (layer F.SilkS) (width 0.12))
    (fp_arc (start -9.83 -16.44) (end -12.38 -12.13) (angle -50.6) (layer F.SilkS) (width 0.12))
    (fp_arc (start 6.09 9.9) (end 6.09 12.5) (angle -127.9) (layer F.SilkS) (width 0.12))
    (fp_arc (start 12.08 5.24) (end 7.09 5.24) (angle -37.9) (layer F.SilkS) (width 0.12))
    (fp_text user %R (at -3.81 -1 90) (layer F.Fab)
      (effects (font (size 1 1) (thickness 0.15)))
    )
    (fp_arc (start -8.57 10.02) (end -8.37 10.03) (angle -51) (layer F.Fab) (width 0.1))
    (fp_arc (start -13.22 7.31) (end -13.71 6.42) (angle 81.5) (layer F.Fab) (width 0.1))
    (fp_arc (start -4.95 11.04) (end -4.75 11.04) (angle -78) (layer F.Fab) (width 0.1))
    (fp_arc (start -4.55 12.3) (end -4.75 12.3) (angle -90) (layer F.Fab) (width 0.1))
    (fp_arc (start -4.07 12.3) (end -4.07 12.5) (angle -90) (layer F.Fab) (width 0.1))
    (fp_arc (start -0.96 10.73) (end -0.75 10.73) (angle -87) (layer F.Fab) (width 0.1))
    (fp_arc (start -6.66 10.73) (end -6.87 10.73) (angle 85) (layer F.Fab) (width 0.1))
    (fp_arc (start -14.92 4.24) (end -14.44 5.11) (angle -78) (layer F.Fab) (width 0.1))
    (fp_arc (start -3.81 0) (end 7.09 -6.12) (angle -80.9) (layer F.Fab) (width 0.1))
    (fp_arc (start -19.72 -5.24) (end -14.71 -5.24) (angle -37.9) (layer F.Fab) (width 0.1))
    (fp_arc (start -13.71 -9.9) (end -12.38 -12.13) (angle -158.6) (layer F.Fab) (width 0.1))
    (fp_arc (start -9.83 -16.44) (end -12.38 -12.13) (angle -50.6) (layer F.Fab) (width 0.1))
    (fp_arc (start 6.09 9.9) (end 6.09 12.5) (angle -127.9) (layer F.Fab) (width 0.1))
    (fp_arc (start 12.08 5.24) (end 7.09 5.24) (angle -37.9) (layer F.Fab) (width 0.1))
    (fp_circle (center -3.81 0) (end 4.09 0) (layer F.SilkS) (width 0.12))
    (fp_line (start -14.32 6.76) (end -14.71 6.12) (layer F.SilkS) (width 0.12))
    (fp_line (start -14.71 5.26) (end -14.44 5.11) (layer F.SilkS) (width 0.12))
    (fp_line (start -13.71 6.42) (end -14.32 6.76) (layer F.SilkS) (width 0.12))
    (fp_line (start -0.75 14.8) (end -0.75 10.73) (layer F.SilkS) (width 0.12))
    (fp_line (start 0.75 14.8) (end 0.75 12.5) (layer F.SilkS) (width 0.12))
    (fp_line (start 7.09 5.24) (end 7.09 -6.12) (layer F.SilkS) (width 0.12))
    (fp_line (start -0.75 10.73) (end -0.75 10.73) (layer F.SilkS) (width 0.12))
    (fp_circle (center -13.71 -9.9) (end -12.51 -9.9) (layer F.SilkS) (width 0.12))
    (fp_line (start -6.87 14.8) (end -8.37 14.8) (layer F.SilkS) (width 0.12))
    (fp_line (start 0.75 14.8) (end -0.75 14.8) (layer F.SilkS) (width 0.12))
    (fp_line (start -4.07 12.5) (end -4.55 12.5) (layer F.SilkS) (width 0.12))
    (fp_line (start 0.75 12.5) (end 6.09 12.5) (layer F.SilkS) (width 0.12))
    (fp_line (start -14.71 6.12) (end -14.71 5.26) (layer F.SilkS) (width 0.12))
    (fp_line (start -14.71 0) (end -14.71 -5.24) (layer F.SilkS) (width 0.12))
    (fp_line (start -8.37 10.03) (end -8.37 14.8) (layer F.SilkS) (width 0.12))
    (fp_line (start -6.87 14.8) (end -6.87 10.73) (layer F.SilkS) (width 0.12))
    (fp_line (start -4.75 11.04) (end -4.75 12.3) (layer F.SilkS) (width 0.12))
    (fp_line (start -3.87 10.9) (end -3.87 12.3) (layer F.SilkS) (width 0.12))
    (fp_circle (center -3.81 0) (end 7.09 0) (layer F.SilkS) (width 0.12))
    (fp_circle (center -3.81 0) (end 5.79 0) (layer F.SilkS) (width 0.12))
    (fp_circle (center 6.09 9.9) (end 7.29 9.9) (layer F.SilkS) (width 0.12))
    (fp_line (start -14.32 6.76) (end -14.71 6.12) (layer F.Fab) (width 0.1))
    (fp_line (start -16.8 7.62) (end -16.8 -13.2) (layer F.CrtYd) (width 0.05))
    (fp_line (start 9.2 7.62) (end -16.8 7.62) (layer F.CrtYd) (width 0.05))
    (fp_line (start 9.2 -13.2) (end 9.2 7.62) (layer F.CrtYd) (width 0.05))
    (fp_line (start -16.8 -13.2) (end 9.2 -13.2) (layer F.CrtYd) (width 0.05))
    (fp_line (start -14.71 5.26) (end -14.44 5.11) (layer F.Fab) (width 0.1))
    (fp_line (start -13.71 6.42) (end -14.32 6.76) (layer F.Fab) (width 0.1))
    (fp_line (start -0.75 14.8) (end -0.75 10.73) (layer F.Fab) (width 0.1))
    (fp_line (start 0.75 14.8) (end 0.75 12.5) (layer F.Fab) (width 0.1))
    (fp_line (start 7.09 5.24) (end 7.09 -6.12) (layer F.Fab) (width 0.1))
    (fp_line (start -0.75 10.73) (end -0.75 10.73) (layer F.Fab) (width 0.1))
    (fp_circle (center -13.71 -9.9) (end -12.51 -9.9) (layer F.Fab) (width 0.1))
    (fp_line (start -6.87 14.8) (end -8.37 14.8) (layer F.Fab) (width 0.1))
    (fp_line (start 0.75 14.8) (end -0.75 14.8) (layer F.Fab) (width 0.1))
    (fp_line (start -4.07 12.5) (end -4.55 12.5) (layer F.Fab) (width 0.1))
    (fp_line (start 0.75 12.5) (end 6.09 12.5) (layer F.Fab) (width 0.1))
    (fp_line (start -14.71 6.12) (end -14.71 5.26) (layer F.Fab) (width 0.1))
    (fp_line (start -14.71 0) (end -14.71 -5.24) (layer F.Fab) (width 0.1))
    (fp_line (start -8.37 10.03) (end -8.37 14.8) (layer F.Fab) (width 0.1))
    (fp_line (start -6.87 14.8) (end -6.87 10.73) (layer F.Fab) (width 0.1))
    (fp_line (start -4.75 11.04) (end -4.75 12.3) (layer F.Fab) (width 0.1))
    (fp_line (start -3.87 10.9) (end -3.87 12.3) (layer F.Fab) (width 0.1))
    (fp_circle (center -3.81 0) (end 7.09 0) (layer F.Fab) (width 0.1))
    (fp_circle (center -3.81 0) (end 5.79 0) (layer F.Fab) (width 0.1))
    (fp_circle (center -3.81 0) (end 4.09 0) (layer F.Fab) (width 0.1))
    (fp_circle (center 6.09 9.9) (end 7.29 9.9) (layer F.Fab) (width 0.1))
    (pad 3 thru_hole circle (at -4 4 270) (size 2.9 2.9) (drill 1.2) (layers *.Cu *.Mask)
      (net 9 /OUT-))
    (pad 1 thru_hole circle (at 0 0 270) (size 3.4 3.4) (drill 1.6) (layers *.Cu *.Mask)
      (net 1 GND))
    (pad 2 thru_hole circle (at -8 0 270) (size 3.4 3.4) (drill 1.6) (layers *.Cu *.Mask)
      (net 10 /OUT+))
    (model ${KISYS3DMOD}/Connector_Audio.3dshapes/Jack_XLR_Neutrik_NC3FAAV1-0_Vertical.wrl
      (at (xyz 0 0 0))
      (scale (xyz 1 1 1))
      (rotate (xyz 0 0 0))
    )
  )

  (module Capacitor_SMD:C_0805_2012Metric_Pad1.15x1.40mm_HandSolder (layer F.Cu) (tedit 5B36C52B) (tstamp 5F4897D3)
    (at 220.98 133.613 270)
    (descr "Capacitor SMD 0805 (2012 Metric), square (rectangular) end terminal, IPC_7351 nominal with elongated pad for handsoldering. (Body size source: https://docs.google.com/spreadsheets/d/1BsfQQcO9C6DZCsRaXUlFlo91Tg2WpOkGARC1WS5S8t0/edit?usp=sharing), generated with kicad-footprint-generator")
    (tags "capacitor handsolder")
    (path /5F3E1B43)
    (attr smd)
    (fp_text reference C3 (at -0.009 1.778 90) (layer F.SilkS)
      (effects (font (size 1 1) (thickness 0.15)))
    )
    (fp_text value 10uF (at 0 1.65 90) (layer F.Fab)
      (effects (font (size 1 1) (thickness 0.15)))
    )
    (fp_text user %R (at 0 0 90) (layer F.Fab)
      (effects (font (size 0.5 0.5) (thickness 0.08)))
    )
    (fp_line (start -1 0.6) (end -1 -0.6) (layer F.Fab) (width 0.1))
    (fp_line (start -1 -0.6) (end 1 -0.6) (layer F.Fab) (width 0.1))
    (fp_line (start 1 -0.6) (end 1 0.6) (layer F.Fab) (width 0.1))
    (fp_line (start 1 0.6) (end -1 0.6) (layer F.Fab) (width 0.1))
    (fp_line (start -0.261252 -0.71) (end 0.261252 -0.71) (layer F.SilkS) (width 0.12))
    (fp_line (start -0.261252 0.71) (end 0.261252 0.71) (layer F.SilkS) (width 0.12))
    (fp_line (start -1.85 0.95) (end -1.85 -0.95) (layer F.CrtYd) (width 0.05))
    (fp_line (start -1.85 -0.95) (end 1.85 -0.95) (layer F.CrtYd) (width 0.05))
    (fp_line (start 1.85 -0.95) (end 1.85 0.95) (layer F.CrtYd) (width 0.05))
    (fp_line (start 1.85 0.95) (end -1.85 0.95) (layer F.CrtYd) (width 0.05))
    (pad 2 smd roundrect (at 1.025 0 270) (size 1.15 1.4) (layers F.Cu F.Paste F.Mask) (roundrect_rratio 0.217391)
      (net 1 GND))
    (pad 1 smd roundrect (at -1.025 0 270) (size 1.15 1.4) (layers F.Cu F.Paste F.Mask) (roundrect_rratio 0.217391)
      (net 4 /Vref))
    (model ${KISYS3DMOD}/Capacitor_SMD.3dshapes/C_0805_2012Metric.wrl
      (at (xyz 0 0 0))
      (scale (xyz 1 1 1))
      (rotate (xyz 0 0 0))
    )
  )

  (module my_library_foot:TestPoint_Keystone_5000-5004_Miniature (layer F.Cu) (tedit 5EF69EC3) (tstamp 5F488011)
    (at 230.886 140.716)
    (descr "Keystone Miniature THM Test Point 5000-5004, http://www.keyelco.com/product-pdf.cfm?p=1309")
    (tags "Through Hole Mount Test Points")
    (path /5F4DF3CC)
    (fp_text reference TP4 (at 0.3175 -2.4765) (layer F.Fab)
      (effects (font (size 1 1) (thickness 0.15)))
    )
    (fp_text value INV2 (at 0 2.5) (layer F.SilkS)
      (effects (font (size 1 1) (thickness 0.15)))
    )
    (fp_circle (center 0 0) (end 1.4 0) (layer F.SilkS) (width 0.15))
    (fp_circle (center 0 0) (end 1.25 0) (layer F.Fab) (width 0.15))
    (fp_circle (center 0 0) (end 1.65 0) (layer F.CrtYd) (width 0.05))
    (fp_line (start -0.75 0.25) (end -0.75 -0.25) (layer F.Fab) (width 0.15))
    (fp_line (start 0.75 0.25) (end -0.75 0.25) (layer F.Fab) (width 0.15))
    (fp_line (start 0.75 -0.25) (end 0.75 0.25) (layer F.Fab) (width 0.15))
    (fp_line (start -0.75 -0.25) (end 0.75 -0.25) (layer F.Fab) (width 0.15))
    (pad 1 thru_hole circle (at 0 0) (size 2 2) (drill 1) (layers *.Cu *.Mask)
      (net 13 /INV2))
    (model ${KISYS3DMOD}/TestPoint.3dshapes/TestPoint_Keystone_5000-5004_Miniature.wrl
      (at (xyz 0 0 0))
      (scale (xyz 1 1 1))
      (rotate (xyz 0 0 0))
    )
  )

  (module my_library_foot:TestPoint_Keystone_5000-5004_Miniature (layer F.Cu) (tedit 5EF69EC3) (tstamp 5F488032)
    (at 231.14 125.476)
    (descr "Keystone Miniature THM Test Point 5000-5004, http://www.keyelco.com/product-pdf.cfm?p=1309")
    (tags "Through Hole Mount Test Points")
    (path /5F4DECEC)
    (fp_text reference TP3 (at 0.3175 -2.4765) (layer F.Fab)
      (effects (font (size 1 1) (thickness 0.15)))
    )
    (fp_text value INV1 (at 0 -2.54) (layer F.SilkS)
      (effects (font (size 1 1) (thickness 0.15)))
    )
    (fp_circle (center 0 0) (end 1.4 0) (layer F.SilkS) (width 0.15))
    (fp_circle (center 0 0) (end 1.25 0) (layer F.Fab) (width 0.15))
    (fp_circle (center 0 0) (end 1.65 0) (layer F.CrtYd) (width 0.05))
    (fp_line (start -0.75 0.25) (end -0.75 -0.25) (layer F.Fab) (width 0.15))
    (fp_line (start 0.75 0.25) (end -0.75 0.25) (layer F.Fab) (width 0.15))
    (fp_line (start 0.75 -0.25) (end 0.75 0.25) (layer F.Fab) (width 0.15))
    (fp_line (start -0.75 -0.25) (end 0.75 -0.25) (layer F.Fab) (width 0.15))
    (pad 1 thru_hole circle (at 0 0) (size 2 2) (drill 1) (layers *.Cu *.Mask)
      (net 11 /INV1))
    (model ${KISYS3DMOD}/TestPoint.3dshapes/TestPoint_Keystone_5000-5004_Miniature.wrl
      (at (xyz 0 0 0))
      (scale (xyz 1 1 1))
      (rotate (xyz 0 0 0))
    )
  )

  (module my_library_foot:TestPoint_Keystone_5000-5004_Miniature (layer F.Cu) (tedit 5EF69EC3) (tstamp 5F488053)
    (at 239.268 139.446)
    (descr "Keystone Miniature THM Test Point 5000-5004, http://www.keyelco.com/product-pdf.cfm?p=1309")
    (tags "Through Hole Mount Test Points")
    (path /5F4CD88D)
    (fp_text reference TP2 (at 0.3175 -2.4765) (layer F.Fab)
      (effects (font (size 1 1) (thickness 0.15)))
    )
    (fp_text value OUTi+ (at 0 2.5) (layer F.SilkS)
      (effects (font (size 1 1) (thickness 0.15)))
    )
    (fp_circle (center 0 0) (end 1.4 0) (layer F.SilkS) (width 0.15))
    (fp_circle (center 0 0) (end 1.25 0) (layer F.Fab) (width 0.15))
    (fp_circle (center 0 0) (end 1.65 0) (layer F.CrtYd) (width 0.05))
    (fp_line (start -0.75 0.25) (end -0.75 -0.25) (layer F.Fab) (width 0.15))
    (fp_line (start 0.75 0.25) (end -0.75 0.25) (layer F.Fab) (width 0.15))
    (fp_line (start 0.75 -0.25) (end 0.75 0.25) (layer F.Fab) (width 0.15))
    (fp_line (start -0.75 -0.25) (end 0.75 -0.25) (layer F.Fab) (width 0.15))
    (pad 1 thru_hole circle (at 0 0) (size 2 2) (drill 1) (layers *.Cu *.Mask)
      (net 14 /OUTi+))
    (model ${KISYS3DMOD}/TestPoint.3dshapes/TestPoint_Keystone_5000-5004_Miniature.wrl
      (at (xyz 0 0 0))
      (scale (xyz 1 1 1))
      (rotate (xyz 0 0 0))
    )
  )

  (module my_library_foot:TestPoint_Keystone_5000-5004_Miniature (layer F.Cu) (tedit 5EF69EC3) (tstamp 5F488074)
    (at 239.268 127.762)
    (descr "Keystone Miniature THM Test Point 5000-5004, http://www.keyelco.com/product-pdf.cfm?p=1309")
    (tags "Through Hole Mount Test Points")
    (path /5F4CAFA7)
    (fp_text reference TP1 (at 0.3175 -2.4765) (layer F.Fab)
      (effects (font (size 1 1) (thickness 0.15)))
    )
    (fp_text value OUTi- (at 0.254 -2.54) (layer F.SilkS)
      (effects (font (size 1 1) (thickness 0.15)))
    )
    (fp_circle (center 0 0) (end 1.4 0) (layer F.SilkS) (width 0.15))
    (fp_circle (center 0 0) (end 1.25 0) (layer F.Fab) (width 0.15))
    (fp_circle (center 0 0) (end 1.65 0) (layer F.CrtYd) (width 0.05))
    (fp_line (start -0.75 0.25) (end -0.75 -0.25) (layer F.Fab) (width 0.15))
    (fp_line (start 0.75 0.25) (end -0.75 0.25) (layer F.Fab) (width 0.15))
    (fp_line (start 0.75 -0.25) (end 0.75 0.25) (layer F.Fab) (width 0.15))
    (fp_line (start -0.75 -0.25) (end 0.75 -0.25) (layer F.Fab) (width 0.15))
    (pad 1 thru_hole circle (at 0 0) (size 2 2) (drill 1) (layers *.Cu *.Mask)
      (net 12 /OUTi-))
    (model ${KISYS3DMOD}/TestPoint.3dshapes/TestPoint_Keystone_5000-5004_Miniature.wrl
      (at (xyz 0 0 0))
      (scale (xyz 1 1 1))
      (rotate (xyz 0 0 0))
    )
  )

  (module Connector:Banana_Jack_1Pin (layer F.Cu) (tedit 5A1AB217) (tstamp 5F3DAFC0)
    (at 241.3 113.538)
    (descr "Single banana socket, footprint - 6mm drill")
    (tags "banana socket")
    (path /5F3C9267)
    (fp_text reference U2 (at 0 -6.5) (layer F.SilkS)
      (effects (font (size 1 1) (thickness 0.15)))
    )
    (fp_text value PWR_JACK_GND (at -0.25 6.5) (layer F.Fab)
      (effects (font (size 1 1) (thickness 0.15)))
    )
    (fp_circle (center 0 0) (end 5.5 0) (layer F.SilkS) (width 0.12))
    (fp_circle (center 0 0) (end 4.85 0.05) (layer F.Fab) (width 0.1))
    (fp_circle (center 0 0) (end 2 0) (layer F.Fab) (width 0.1))
    (fp_circle (center 0 0) (end 5.75 0) (layer F.CrtYd) (width 0.05))
    (fp_text user %R (at 0 0) (layer F.Fab)
      (effects (font (size 0.8 0.8) (thickness 0.12)))
    )
    (pad 1 thru_hole circle (at 0 0) (size 10.16 10.16) (drill 6.1) (layers *.Cu *.Mask)
      (net 1 GND))
    (model ${KISYS3DMOD}/Connector.3dshapes/Banana_Jack_1Pin.wrl
      (at (xyz 0 0 0))
      (scale (xyz 2 2 2))
      (rotate (xyz 0 0 0))
    )
  )

  (module Package_TO_SOT_SMD:SOT-23-5 (layer F.Cu) (tedit 5A02FF57) (tstamp 5F495112)
    (at 234.78 135.702 180)
    (descr "5-pin SOT23 package")
    (tags SOT-23-5)
    (path /5F4B572E)
    (attr smd)
    (fp_text reference U4 (at 0.084 7.178) (layer F.SilkS)
      (effects (font (size 1 1) (thickness 0.15)))
    )
    (fp_text value OPA376xxDBV (at 0 2.9) (layer F.Fab)
      (effects (font (size 1 1) (thickness 0.15)))
    )
    (fp_text user %R (at 0 0 90) (layer F.Fab)
      (effects (font (size 0.5 0.5) (thickness 0.075)))
    )
    (fp_line (start -0.9 1.61) (end 0.9 1.61) (layer F.SilkS) (width 0.12))
    (fp_line (start 0.9 -1.61) (end -1.55 -1.61) (layer F.SilkS) (width 0.12))
    (fp_line (start -1.9 -1.8) (end 1.9 -1.8) (layer F.CrtYd) (width 0.05))
    (fp_line (start 1.9 -1.8) (end 1.9 1.8) (layer F.CrtYd) (width 0.05))
    (fp_line (start 1.9 1.8) (end -1.9 1.8) (layer F.CrtYd) (width 0.05))
    (fp_line (start -1.9 1.8) (end -1.9 -1.8) (layer F.CrtYd) (width 0.05))
    (fp_line (start -0.9 -0.9) (end -0.25 -1.55) (layer F.Fab) (width 0.1))
    (fp_line (start 0.9 -1.55) (end -0.25 -1.55) (layer F.Fab) (width 0.1))
    (fp_line (start -0.9 -0.9) (end -0.9 1.55) (layer F.Fab) (width 0.1))
    (fp_line (start 0.9 1.55) (end -0.9 1.55) (layer F.Fab) (width 0.1))
    (fp_line (start 0.9 -1.55) (end 0.9 1.55) (layer F.Fab) (width 0.1))
    (pad 5 smd rect (at 1.1 -0.95 180) (size 1.06 0.65) (layers F.Cu F.Paste F.Mask)
      (net 6 VDD))
    (pad 4 smd rect (at 1.1 0.95 180) (size 1.06 0.65) (layers F.Cu F.Paste F.Mask)
      (net 13 /INV2))
    (pad 3 smd rect (at -1.1 0.95 180) (size 1.06 0.65) (layers F.Cu F.Paste F.Mask)
      (net 2 /VOS2))
    (pad 2 smd rect (at -1.1 0 180) (size 1.06 0.65) (layers F.Cu F.Paste F.Mask)
      (net 1 GND))
    (pad 1 smd rect (at -1.1 -0.95 180) (size 1.06 0.65) (layers F.Cu F.Paste F.Mask)
      (net 14 /OUTi+))
    (model ${KISYS3DMOD}/Package_TO_SOT_SMD.3dshapes/SOT-23-5.wrl
      (at (xyz 0 0 0))
      (scale (xyz 1 1 1))
      (rotate (xyz 0 0 0))
    )
  )

  (module Package_TO_SOT_SMD:SOT-23-5 (layer F.Cu) (tedit 5A02FF57) (tstamp 5F49514E)
    (at 234.696 130.876 180)
    (descr "5-pin SOT23 package")
    (tags SOT-23-5)
    (path /5F486165)
    (attr smd)
    (fp_text reference U3 (at 0 -7.3) (layer F.SilkS)
      (effects (font (size 1 1) (thickness 0.15)))
    )
    (fp_text value OPA376xxDBV (at 0 2.9) (layer F.Fab)
      (effects (font (size 1 1) (thickness 0.15)))
    )
    (fp_text user %R (at 0 0 90) (layer F.Fab)
      (effects (font (size 0.5 0.5) (thickness 0.075)))
    )
    (fp_line (start -0.9 1.61) (end 0.9 1.61) (layer F.SilkS) (width 0.12))
    (fp_line (start 0.9 -1.61) (end -1.55 -1.61) (layer F.SilkS) (width 0.12))
    (fp_line (start -1.9 -1.8) (end 1.9 -1.8) (layer F.CrtYd) (width 0.05))
    (fp_line (start 1.9 -1.8) (end 1.9 1.8) (layer F.CrtYd) (width 0.05))
    (fp_line (start 1.9 1.8) (end -1.9 1.8) (layer F.CrtYd) (width 0.05))
    (fp_line (start -1.9 1.8) (end -1.9 -1.8) (layer F.CrtYd) (width 0.05))
    (fp_line (start -0.9 -0.9) (end -0.25 -1.55) (layer F.Fab) (width 0.1))
    (fp_line (start 0.9 -1.55) (end -0.25 -1.55) (layer F.Fab) (width 0.1))
    (fp_line (start -0.9 -0.9) (end -0.9 1.55) (layer F.Fab) (width 0.1))
    (fp_line (start 0.9 1.55) (end -0.9 1.55) (layer F.Fab) (width 0.1))
    (fp_line (start 0.9 -1.55) (end 0.9 1.55) (layer F.Fab) (width 0.1))
    (pad 5 smd rect (at 1.1 -0.95 180) (size 1.06 0.65) (layers F.Cu F.Paste F.Mask)
      (net 6 VDD))
    (pad 4 smd rect (at 1.1 0.95 180) (size 1.06 0.65) (layers F.Cu F.Paste F.Mask)
      (net 11 /INV1))
    (pad 3 smd rect (at -1.1 0.95 180) (size 1.06 0.65) (layers F.Cu F.Paste F.Mask)
      (net 3 /VOS1))
    (pad 2 smd rect (at -1.1 0 180) (size 1.06 0.65) (layers F.Cu F.Paste F.Mask)
      (net 1 GND))
    (pad 1 smd rect (at -1.1 -0.95 180) (size 1.06 0.65) (layers F.Cu F.Paste F.Mask)
      (net 12 /OUTi-))
    (model ${KISYS3DMOD}/Package_TO_SOT_SMD.3dshapes/SOT-23-5.wrl
      (at (xyz 0 0 0))
      (scale (xyz 1 1 1))
      (rotate (xyz 0 0 0))
    )
  )

  (module Resistor_SMD:R_0805_2012Metric_Pad1.15x1.40mm_HandSolder (layer F.Cu) (tedit 5B36C52B) (tstamp 5F495186)
    (at 238.76 135.627 270)
    (descr "Resistor SMD 0805 (2012 Metric), square (rectangular) end terminal, IPC_7351 nominal with elongated pad for handsoldering. (Body size source: https://docs.google.com/spreadsheets/d/1BsfQQcO9C6DZCsRaXUlFlo91Tg2WpOkGARC1WS5S8t0/edit?usp=sharing), generated with kicad-footprint-generator")
    (tags "resistor handsolder")
    (path /5F4B5751)
    (attr smd)
    (fp_text reference RO2 (at 0.009 1.524 270) (layer F.SilkS)
      (effects (font (size 1 1) (thickness 0.15)))
    )
    (fp_text value R_US (at 0 1.65 90) (layer F.Fab)
      (effects (font (size 1 1) (thickness 0.15)))
    )
    (fp_text user %R (at 0 0 90) (layer F.Fab)
      (effects (font (size 0.5 0.5) (thickness 0.08)))
    )
    (fp_line (start -1 0.6) (end -1 -0.6) (layer F.Fab) (width 0.1))
    (fp_line (start -1 -0.6) (end 1 -0.6) (layer F.Fab) (width 0.1))
    (fp_line (start 1 -0.6) (end 1 0.6) (layer F.Fab) (width 0.1))
    (fp_line (start 1 0.6) (end -1 0.6) (layer F.Fab) (width 0.1))
    (fp_line (start -0.261252 -0.71) (end 0.261252 -0.71) (layer F.SilkS) (width 0.12))
    (fp_line (start -0.261252 0.71) (end 0.261252 0.71) (layer F.SilkS) (width 0.12))
    (fp_line (start -1.85 0.95) (end -1.85 -0.95) (layer F.CrtYd) (width 0.05))
    (fp_line (start -1.85 -0.95) (end 1.85 -0.95) (layer F.CrtYd) (width 0.05))
    (fp_line (start 1.85 -0.95) (end 1.85 0.95) (layer F.CrtYd) (width 0.05))
    (fp_line (start 1.85 0.95) (end -1.85 0.95) (layer F.CrtYd) (width 0.05))
    (pad 2 smd roundrect (at 1.025 0 270) (size 1.15 1.4) (layers F.Cu F.Paste F.Mask) (roundrect_rratio 0.217391)
      (net 14 /OUTi+))
    (pad 1 smd roundrect (at -1.025 0 270) (size 1.15 1.4) (layers F.Cu F.Paste F.Mask) (roundrect_rratio 0.217391)
      (net 10 /OUT+))
    (model ${KISYS3DMOD}/Resistor_SMD.3dshapes/R_0805_2012Metric.wrl
      (at (xyz 0 0 0))
      (scale (xyz 1 1 1))
      (rotate (xyz 0 0 0))
    )
  )

  (module Resistor_SMD:R_0805_2012Metric_Pad1.15x1.40mm_HandSolder (layer F.Cu) (tedit 5B36C52B) (tstamp 5F4963B1)
    (at 238.76 131.563 90)
    (descr "Resistor SMD 0805 (2012 Metric), square (rectangular) end terminal, IPC_7351 nominal with elongated pad for handsoldering. (Body size source: https://docs.google.com/spreadsheets/d/1BsfQQcO9C6DZCsRaXUlFlo91Tg2WpOkGARC1WS5S8t0/edit?usp=sharing), generated with kicad-footprint-generator")
    (tags "resistor handsolder")
    (path /5F4A3F6D)
    (attr smd)
    (fp_text reference RO1 (at 0 -1.65 90) (layer F.SilkS)
      (effects (font (size 1 1) (thickness 0.15)))
    )
    (fp_text value R_US (at 0 1.65 90) (layer F.Fab)
      (effects (font (size 1 1) (thickness 0.15)))
    )
    (fp_text user %R (at 0 0 90) (layer F.Fab)
      (effects (font (size 0.5 0.5) (thickness 0.08)))
    )
    (fp_line (start -1 0.6) (end -1 -0.6) (layer F.Fab) (width 0.1))
    (fp_line (start -1 -0.6) (end 1 -0.6) (layer F.Fab) (width 0.1))
    (fp_line (start 1 -0.6) (end 1 0.6) (layer F.Fab) (width 0.1))
    (fp_line (start 1 0.6) (end -1 0.6) (layer F.Fab) (width 0.1))
    (fp_line (start -0.261252 -0.71) (end 0.261252 -0.71) (layer F.SilkS) (width 0.12))
    (fp_line (start -0.261252 0.71) (end 0.261252 0.71) (layer F.SilkS) (width 0.12))
    (fp_line (start -1.85 0.95) (end -1.85 -0.95) (layer F.CrtYd) (width 0.05))
    (fp_line (start -1.85 -0.95) (end 1.85 -0.95) (layer F.CrtYd) (width 0.05))
    (fp_line (start 1.85 -0.95) (end 1.85 0.95) (layer F.CrtYd) (width 0.05))
    (fp_line (start 1.85 0.95) (end -1.85 0.95) (layer F.CrtYd) (width 0.05))
    (pad 2 smd roundrect (at 1.025 0 90) (size 1.15 1.4) (layers F.Cu F.Paste F.Mask) (roundrect_rratio 0.217391)
      (net 12 /OUTi-))
    (pad 1 smd roundrect (at -1.025 0 90) (size 1.15 1.4) (layers F.Cu F.Paste F.Mask) (roundrect_rratio 0.217391)
      (net 9 /OUT-))
    (model ${KISYS3DMOD}/Resistor_SMD.3dshapes/R_0805_2012Metric.wrl
      (at (xyz 0 0 0))
      (scale (xyz 1 1 1))
      (rotate (xyz 0 0 0))
    )
  )

  (module Resistor_SMD:R_0805_2012Metric_Pad1.15x1.40mm_HandSolder (layer B.Cu) (tedit 5B36C52B) (tstamp 5F4951E6)
    (at 234.941 137.668 180)
    (descr "Resistor SMD 0805 (2012 Metric), square (rectangular) end terminal, IPC_7351 nominal with elongated pad for handsoldering. (Body size source: https://docs.google.com/spreadsheets/d/1BsfQQcO9C6DZCsRaXUlFlo91Tg2WpOkGARC1WS5S8t0/edit?usp=sharing), generated with kicad-footprint-generator")
    (tags "resistor handsolder")
    (path /5F4B5710)
    (attr smd)
    (fp_text reference RF2 (at 3.293 0) (layer B.SilkS)
      (effects (font (size 1 1) (thickness 0.15)) (justify mirror))
    )
    (fp_text value 10k (at 0 -1.65) (layer B.Fab)
      (effects (font (size 1 1) (thickness 0.15)) (justify mirror))
    )
    (fp_text user %R (at 0 0) (layer B.Fab)
      (effects (font (size 0.5 0.5) (thickness 0.08)) (justify mirror))
    )
    (fp_line (start -1 -0.6) (end -1 0.6) (layer B.Fab) (width 0.1))
    (fp_line (start -1 0.6) (end 1 0.6) (layer B.Fab) (width 0.1))
    (fp_line (start 1 0.6) (end 1 -0.6) (layer B.Fab) (width 0.1))
    (fp_line (start 1 -0.6) (end -1 -0.6) (layer B.Fab) (width 0.1))
    (fp_line (start -0.261252 0.71) (end 0.261252 0.71) (layer B.SilkS) (width 0.12))
    (fp_line (start -0.261252 -0.71) (end 0.261252 -0.71) (layer B.SilkS) (width 0.12))
    (fp_line (start -1.85 -0.95) (end -1.85 0.95) (layer B.CrtYd) (width 0.05))
    (fp_line (start -1.85 0.95) (end 1.85 0.95) (layer B.CrtYd) (width 0.05))
    (fp_line (start 1.85 0.95) (end 1.85 -0.95) (layer B.CrtYd) (width 0.05))
    (fp_line (start 1.85 -0.95) (end -1.85 -0.95) (layer B.CrtYd) (width 0.05))
    (pad 2 smd roundrect (at 1.025 0 180) (size 1.15 1.4) (layers B.Cu B.Paste B.Mask) (roundrect_rratio 0.217391)
      (net 13 /INV2))
    (pad 1 smd roundrect (at -1.025 0 180) (size 1.15 1.4) (layers B.Cu B.Paste B.Mask) (roundrect_rratio 0.217391)
      (net 14 /OUTi+))
    (model ${KISYS3DMOD}/Resistor_SMD.3dshapes/R_0805_2012Metric.wrl
      (at (xyz 0 0 0))
      (scale (xyz 1 1 1))
      (rotate (xyz 0 0 0))
    )
  )

  (module Resistor_SMD:R_0805_2012Metric_Pad1.15x1.40mm_HandSolder (layer F.Cu) (tedit 5B36C52B) (tstamp 5F486477)
    (at 241.046 135.645 270)
    (descr "Resistor SMD 0805 (2012 Metric), square (rectangular) end terminal, IPC_7351 nominal with elongated pad for handsoldering. (Body size source: https://docs.google.com/spreadsheets/d/1BsfQQcO9C6DZCsRaXUlFlo91Tg2WpOkGARC1WS5S8t0/edit?usp=sharing), generated with kicad-footprint-generator")
    (tags "resistor handsolder")
    (path /5F4B573E)
    (attr smd)
    (fp_text reference R10 (at 0 -1.65 90) (layer F.SilkS)
      (effects (font (size 1 1) (thickness 0.15)))
    )
    (fp_text value R_US (at 0 1.65 90) (layer F.Fab)
      (effects (font (size 1 1) (thickness 0.15)))
    )
    (fp_text user %R (at 0 0 90) (layer F.Fab)
      (effects (font (size 0.5 0.5) (thickness 0.08)))
    )
    (fp_line (start -1 0.6) (end -1 -0.6) (layer F.Fab) (width 0.1))
    (fp_line (start -1 -0.6) (end 1 -0.6) (layer F.Fab) (width 0.1))
    (fp_line (start 1 -0.6) (end 1 0.6) (layer F.Fab) (width 0.1))
    (fp_line (start 1 0.6) (end -1 0.6) (layer F.Fab) (width 0.1))
    (fp_line (start -0.261252 -0.71) (end 0.261252 -0.71) (layer F.SilkS) (width 0.12))
    (fp_line (start -0.261252 0.71) (end 0.261252 0.71) (layer F.SilkS) (width 0.12))
    (fp_line (start -1.85 0.95) (end -1.85 -0.95) (layer F.CrtYd) (width 0.05))
    (fp_line (start -1.85 -0.95) (end 1.85 -0.95) (layer F.CrtYd) (width 0.05))
    (fp_line (start 1.85 -0.95) (end 1.85 0.95) (layer F.CrtYd) (width 0.05))
    (fp_line (start 1.85 0.95) (end -1.85 0.95) (layer F.CrtYd) (width 0.05))
    (pad 2 smd roundrect (at 1.025 0 270) (size 1.15 1.4) (layers F.Cu F.Paste F.Mask) (roundrect_rratio 0.217391)
      (net 16 /COMP2))
    (pad 1 smd roundrect (at -1.025 0 270) (size 1.15 1.4) (layers F.Cu F.Paste F.Mask) (roundrect_rratio 0.217391)
      (net 10 /OUT+))
    (model ${KISYS3DMOD}/Resistor_SMD.3dshapes/R_0805_2012Metric.wrl
      (at (xyz 0 0 0))
      (scale (xyz 1 1 1))
      (rotate (xyz 0 0 0))
    )
  )

  (module Resistor_SMD:R_0805_2012Metric_Pad1.15x1.40mm_HandSolder (layer F.Cu) (tedit 5B36C52B) (tstamp 5F486466)
    (at 241.046 131.563 90)
    (descr "Resistor SMD 0805 (2012 Metric), square (rectangular) end terminal, IPC_7351 nominal with elongated pad for handsoldering. (Body size source: https://docs.google.com/spreadsheets/d/1BsfQQcO9C6DZCsRaXUlFlo91Tg2WpOkGARC1WS5S8t0/edit?usp=sharing), generated with kicad-footprint-generator")
    (tags "resistor handsolder")
    (path /5F49EEEE)
    (attr smd)
    (fp_text reference R9 (at 0 1.778 90) (layer F.SilkS)
      (effects (font (size 1 1) (thickness 0.15)))
    )
    (fp_text value R_US (at 0 1.65 90) (layer F.Fab)
      (effects (font (size 1 1) (thickness 0.15)))
    )
    (fp_text user %R (at 0 0 90) (layer F.Fab)
      (effects (font (size 0.5 0.5) (thickness 0.08)))
    )
    (fp_line (start -1 0.6) (end -1 -0.6) (layer F.Fab) (width 0.1))
    (fp_line (start -1 -0.6) (end 1 -0.6) (layer F.Fab) (width 0.1))
    (fp_line (start 1 -0.6) (end 1 0.6) (layer F.Fab) (width 0.1))
    (fp_line (start 1 0.6) (end -1 0.6) (layer F.Fab) (width 0.1))
    (fp_line (start -0.261252 -0.71) (end 0.261252 -0.71) (layer F.SilkS) (width 0.12))
    (fp_line (start -0.261252 0.71) (end 0.261252 0.71) (layer F.SilkS) (width 0.12))
    (fp_line (start -1.85 0.95) (end -1.85 -0.95) (layer F.CrtYd) (width 0.05))
    (fp_line (start -1.85 -0.95) (end 1.85 -0.95) (layer F.CrtYd) (width 0.05))
    (fp_line (start 1.85 -0.95) (end 1.85 0.95) (layer F.CrtYd) (width 0.05))
    (fp_line (start 1.85 0.95) (end -1.85 0.95) (layer F.CrtYd) (width 0.05))
    (pad 2 smd roundrect (at 1.025 0 90) (size 1.15 1.4) (layers F.Cu F.Paste F.Mask) (roundrect_rratio 0.217391)
      (net 15 /COMP1))
    (pad 1 smd roundrect (at -1.025 0 90) (size 1.15 1.4) (layers F.Cu F.Paste F.Mask) (roundrect_rratio 0.217391)
      (net 9 /OUT-))
    (model ${KISYS3DMOD}/Resistor_SMD.3dshapes/R_0805_2012Metric.wrl
      (at (xyz 0 0 0))
      (scale (xyz 1 1 1))
      (rotate (xyz 0 0 0))
    )
  )

  (module Resistor_SMD:R_0805_2012Metric_Pad1.15x1.40mm_HandSolder (layer B.Cu) (tedit 5B36C52B) (tstamp 5F495216)
    (at 234.941 133.35)
    (descr "Resistor SMD 0805 (2012 Metric), square (rectangular) end terminal, IPC_7351 nominal with elongated pad for handsoldering. (Body size source: https://docs.google.com/spreadsheets/d/1BsfQQcO9C6DZCsRaXUlFlo91Tg2WpOkGARC1WS5S8t0/edit?usp=sharing), generated with kicad-footprint-generator")
    (tags "resistor handsolder")
    (path /5F4B570A)
    (attr smd)
    (fp_text reference R8 (at -2.785 0) (layer B.SilkS)
      (effects (font (size 1 1) (thickness 0.15)) (justify mirror))
    )
    (fp_text value 10k (at 0 -1.65) (layer B.Fab)
      (effects (font (size 1 1) (thickness 0.15)) (justify mirror))
    )
    (fp_text user %R (at 0 0) (layer B.Fab)
      (effects (font (size 0.5 0.5) (thickness 0.08)) (justify mirror))
    )
    (fp_line (start -1 -0.6) (end -1 0.6) (layer B.Fab) (width 0.1))
    (fp_line (start -1 0.6) (end 1 0.6) (layer B.Fab) (width 0.1))
    (fp_line (start 1 0.6) (end 1 -0.6) (layer B.Fab) (width 0.1))
    (fp_line (start 1 -0.6) (end -1 -0.6) (layer B.Fab) (width 0.1))
    (fp_line (start -0.261252 0.71) (end 0.261252 0.71) (layer B.SilkS) (width 0.12))
    (fp_line (start -0.261252 -0.71) (end 0.261252 -0.71) (layer B.SilkS) (width 0.12))
    (fp_line (start -1.85 -0.95) (end -1.85 0.95) (layer B.CrtYd) (width 0.05))
    (fp_line (start -1.85 0.95) (end 1.85 0.95) (layer B.CrtYd) (width 0.05))
    (fp_line (start 1.85 0.95) (end 1.85 -0.95) (layer B.CrtYd) (width 0.05))
    (fp_line (start 1.85 -0.95) (end -1.85 -0.95) (layer B.CrtYd) (width 0.05))
    (pad 2 smd roundrect (at 1.025 0) (size 1.15 1.4) (layers B.Cu B.Paste B.Mask) (roundrect_rratio 0.217391)
      (net 9 /OUT-))
    (pad 1 smd roundrect (at -1.025 0) (size 1.15 1.4) (layers B.Cu B.Paste B.Mask) (roundrect_rratio 0.217391)
      (net 13 /INV2))
    (model ${KISYS3DMOD}/Resistor_SMD.3dshapes/R_0805_2012Metric.wrl
      (at (xyz 0 0 0))
      (scale (xyz 1 1 1))
      (rotate (xyz 0 0 0))
    )
  )

  (module Capacitor_SMD:C_0805_2012Metric_Pad1.15x1.40mm_HandSolder (layer B.Cu) (tedit 5B36C52B) (tstamp 5F4952D6)
    (at 234.959 135.382 180)
    (descr "Capacitor SMD 0805 (2012 Metric), square (rectangular) end terminal, IPC_7351 nominal with elongated pad for handsoldering. (Body size source: https://docs.google.com/spreadsheets/d/1BsfQQcO9C6DZCsRaXUlFlo91Tg2WpOkGARC1WS5S8t0/edit?usp=sharing), generated with kicad-footprint-generator")
    (tags "capacitor handsolder")
    (path /5F4B56EC)
    (attr smd)
    (fp_text reference CF2 (at 3.293 0) (layer B.SilkS)
      (effects (font (size 1 1) (thickness 0.15)) (justify mirror))
    )
    (fp_text value 100pF (at 0 -1.65) (layer B.Fab)
      (effects (font (size 1 1) (thickness 0.15)) (justify mirror))
    )
    (fp_text user %R (at 0 0) (layer B.Fab)
      (effects (font (size 0.5 0.5) (thickness 0.08)) (justify mirror))
    )
    (fp_line (start -1 -0.6) (end -1 0.6) (layer B.Fab) (width 0.1))
    (fp_line (start -1 0.6) (end 1 0.6) (layer B.Fab) (width 0.1))
    (fp_line (start 1 0.6) (end 1 -0.6) (layer B.Fab) (width 0.1))
    (fp_line (start 1 -0.6) (end -1 -0.6) (layer B.Fab) (width 0.1))
    (fp_line (start -0.261252 0.71) (end 0.261252 0.71) (layer B.SilkS) (width 0.12))
    (fp_line (start -0.261252 -0.71) (end 0.261252 -0.71) (layer B.SilkS) (width 0.12))
    (fp_line (start -1.85 -0.95) (end -1.85 0.95) (layer B.CrtYd) (width 0.05))
    (fp_line (start -1.85 0.95) (end 1.85 0.95) (layer B.CrtYd) (width 0.05))
    (fp_line (start 1.85 0.95) (end 1.85 -0.95) (layer B.CrtYd) (width 0.05))
    (fp_line (start 1.85 -0.95) (end -1.85 -0.95) (layer B.CrtYd) (width 0.05))
    (pad 2 smd roundrect (at 1.025 0 180) (size 1.15 1.4) (layers B.Cu B.Paste B.Mask) (roundrect_rratio 0.217391)
      (net 13 /INV2))
    (pad 1 smd roundrect (at -1.025 0 180) (size 1.15 1.4) (layers B.Cu B.Paste B.Mask) (roundrect_rratio 0.217391)
      (net 14 /OUTi+))
    (model ${KISYS3DMOD}/Capacitor_SMD.3dshapes/C_0805_2012Metric.wrl
      (at (xyz 0 0 0))
      (scale (xyz 1 1 1))
      (rotate (xyz 0 0 0))
    )
  )

  (module Capacitor_SMD:C_0805_2012Metric_Pad1.15x1.40mm_HandSolder (layer F.Cu) (tedit 5B36C52B) (tstamp 5F486175)
    (at 242.726 139.455 270)
    (descr "Capacitor SMD 0805 (2012 Metric), square (rectangular) end terminal, IPC_7351 nominal with elongated pad for handsoldering. (Body size source: https://docs.google.com/spreadsheets/d/1BsfQQcO9C6DZCsRaXUlFlo91Tg2WpOkGARC1WS5S8t0/edit?usp=sharing), generated with kicad-footprint-generator")
    (tags "capacitor handsolder")
    (path /5F4B5744)
    (attr smd)
    (fp_text reference C5 (at 0 -1.65 90) (layer F.SilkS)
      (effects (font (size 1 1) (thickness 0.15)))
    )
    (fp_text value C (at 0 1.65 90) (layer F.Fab)
      (effects (font (size 1 1) (thickness 0.15)))
    )
    (fp_text user %R (at 0 0 90) (layer F.Fab)
      (effects (font (size 0.5 0.5) (thickness 0.08)))
    )
    (fp_line (start -1 0.6) (end -1 -0.6) (layer F.Fab) (width 0.1))
    (fp_line (start -1 -0.6) (end 1 -0.6) (layer F.Fab) (width 0.1))
    (fp_line (start 1 -0.6) (end 1 0.6) (layer F.Fab) (width 0.1))
    (fp_line (start 1 0.6) (end -1 0.6) (layer F.Fab) (width 0.1))
    (fp_line (start -0.261252 -0.71) (end 0.261252 -0.71) (layer F.SilkS) (width 0.12))
    (fp_line (start -0.261252 0.71) (end 0.261252 0.71) (layer F.SilkS) (width 0.12))
    (fp_line (start -1.85 0.95) (end -1.85 -0.95) (layer F.CrtYd) (width 0.05))
    (fp_line (start -1.85 -0.95) (end 1.85 -0.95) (layer F.CrtYd) (width 0.05))
    (fp_line (start 1.85 -0.95) (end 1.85 0.95) (layer F.CrtYd) (width 0.05))
    (fp_line (start 1.85 0.95) (end -1.85 0.95) (layer F.CrtYd) (width 0.05))
    (pad 2 smd roundrect (at 1.025 0 270) (size 1.15 1.4) (layers F.Cu F.Paste F.Mask) (roundrect_rratio 0.217391)
      (net 1 GND))
    (pad 1 smd roundrect (at -1.025 0 270) (size 1.15 1.4) (layers F.Cu F.Paste F.Mask) (roundrect_rratio 0.217391)
      (net 16 /COMP2))
    (model ${KISYS3DMOD}/Capacitor_SMD.3dshapes/C_0805_2012Metric.wrl
      (at (xyz 0 0 0))
      (scale (xyz 1 1 1))
      (rotate (xyz 0 0 0))
    )
  )

  (module Capacitor_SMD:C_0805_2012Metric_Pad1.15x1.40mm_HandSolder (layer F.Cu) (tedit 5B36C52B) (tstamp 5F486164)
    (at 242.824 127.753 90)
    (descr "Capacitor SMD 0805 (2012 Metric), square (rectangular) end terminal, IPC_7351 nominal with elongated pad for handsoldering. (Body size source: https://docs.google.com/spreadsheets/d/1BsfQQcO9C6DZCsRaXUlFlo91Tg2WpOkGARC1WS5S8t0/edit?usp=sharing), generated with kicad-footprint-generator")
    (tags "capacitor handsolder")
    (path /5F49F93C)
    (attr smd)
    (fp_text reference C4 (at 0 -1.65 90) (layer F.SilkS)
      (effects (font (size 1 1) (thickness 0.15)))
    )
