(kicad_pcb (version 20171130) (host pcbnew "(5.1.6-0-10_14)")

  (general
    (thickness 1.6)
    (drawings 6)
    (tracks 142)
    (zones 0)
    (modules 27)
    (nets 13)
  )

  (page A4)
  (layers
    (0 F.Cu signal)
    (31 B.Cu signal hide)
    (32 B.Adhes user hide)
    (33 F.Adhes user hide)
    (34 B.Paste user hide)
    (35 F.Paste user hide)
    (36 B.SilkS user hide)
    (37 F.SilkS user)
    (38 B.Mask user hide)
    (39 F.Mask user)
    (40 Dwgs.User user)
    (41 Cmts.User user)
    (42 Eco1.User user)
    (43 Eco2.User user)
    (44 Edge.Cuts user)
    (45 Margin user)
    (46 B.CrtYd user hide)
    (47 F.CrtYd user)
    (48 B.Fab user hide)
    (49 F.Fab user hide)
  )

  (setup
    (last_trace_width 0.25)
    (trace_clearance 0.2)
    (zone_clearance 0.508)
    (zone_45_only no)
    (trace_min 0.2)
    (via_size 0.8)
    (via_drill 0.4)
    (via_min_size 0.4)
    (via_min_drill 0.3)
    (uvia_size 0.3)
    (uvia_drill 0.1)
    (uvias_allowed no)
    (uvia_min_size 0.2)
    (uvia_min_drill 0.1)
    (edge_width 0.05)
    (segment_width 0.2)
    (pcb_text_width 0.3)
    (pcb_text_size 1.5 1.5)
    (mod_edge_width 0.12)
    (mod_text_size 1 1)
    (mod_text_width 0.15)
    (pad_size 1.524 1.524)
    (pad_drill 0.762)
    (pad_to_mask_clearance 0.05)
    (aux_axis_origin 0 0)
    (visible_elements FFFFFF7F)
    (pcbplotparams
      (layerselection 0x010fc_ffffffff)
      (usegerberextensions false)
      (usegerberattributes true)
      (usegerberadvancedattributes true)
      (creategerberjobfile true)
      (excludeedgelayer true)
      (linewidth 0.100000)
      (plotframeref false)
      (viasonmask false)
      (mode 1)
      (useauxorigin false)
      (hpglpennumber 1)
      (hpglpenspeed 20)
      (hpglpendiameter 15.000000)
      (psnegative false)
      (psa4output false)
      (plotreference true)
      (plotvalue true)
      (plotinvisibletext false)
      (padsonsilk false)
      (subtractmaskfromsilk false)
      (outputformat 1)
      (mirror false)
      (drillshape 0)
      (scaleselection 1)
      (outputdirectory "gerbers/"))
  )

  (net 0 "")
  (net 1 GND)
  (net 2 /VOS2)
  (net 3 /VOS1)
  (net 4 /Vref)
  (net 5 "Net-(CF1-Pad2)")
  (net 6 /VoutP)
  (net 7 /Vin)
  (net 8 /VoutN)
  (net 9 VDD)
  (net 10 VSS)
  (net 11 /VoutN_1)
  (net 12 /VoutP_1)

  (net_class Default "This is the default net class."
    (clearance 0.2)
    (trace_width 0.25)
    (via_dia 0.8)
    (via_drill 0.4)
    (uvia_dia 0.3)
    (uvia_drill 0.1)
    (add_net /VOS1)
    (add_net /VOS2)
    (add_net /Vin)
    (add_net /VoutN)
    (add_net /VoutN_1)
    (add_net /VoutP)
    (add_net /VoutP_1)
    (add_net /Vref)
    (add_net GND)
    (add_net "Net-(CF1-Pad2)")
    (add_net VDD)
    (add_net VSS)
  )

  (module my_library_foot:m3_mounting_hole (layer F.Cu) (tedit 5F2DD124) (tstamp 5F3E8BEB)
    (at 271.78 100.33)
    (path /5F495F7E)
    (fp_text reference H4 (at 0 0.5) (layer F.SilkS)
      (effects (font (size 1 1) (thickness 0.15)))
    )
    (fp_text value MountingHole (at 0 -0.5) (layer F.Fab)
      (effects (font (size 1 1) (thickness 0.15)))
    )
    (pad 1 thru_hole circle (at 0 0) (size 4 4) (drill 3.08) (layers *.Cu *.Mask))
  )

  (module my_library_foot:m3_mounting_hole (layer F.Cu) (tedit 5F2DD124) (tstamp 5F3E8BE6)
    (at 265.176 160.528)
    (path /5F4951B8)
    (fp_text reference H3 (at 0 0.5) (layer F.SilkS)
      (effects (font (size 1 1) (thickness 0.15)))
    )
    (fp_text value MountingHole (at 0 -0.5) (layer F.Fab)
      (effects (font (size 1 1) (thickness 0.15)))
    )
    (pad 1 thru_hole circle (at 0 0) (size 4 4) (drill 3.08) (layers *.Cu *.Mask))
  )

  (module my_library_foot:m3_mounting_hole (layer F.Cu) (tedit 5F2DD124) (tstamp 5F3E8BE1)
    (at 215.9 160.02)
    (path /5F49581E)
    (fp_text reference H2 (at 0 0.5) (layer F.SilkS)
      (effects (font (size 1 1) (thickness 0.15)))
    )
    (fp_text value MountingHole (at 0 -0.5) (layer F.Fab)
      (effects (font (size 1 1) (thickness 0.15)))
    )
    (pad 1 thru_hole circle (at 0 0) (size 4 4) (drill 3.08) (layers *.Cu *.Mask))
  )

  (module my_library_foot:m3_mounting_hole (layer F.Cu) (tedit 5F2DD124) (tstamp 5F3E8BDC)
    (at 215.9 100.33)
    (path /5F49462A)
    (fp_text reference H1 (at 0 0.5) (layer F.SilkS)
      (effects (font (size 1 1) (thickness 0.15)))
    )
    (fp_text value MountingHole (at 0 -0.5) (layer F.Fab)
      (effects (font (size 1 1) (thickness 0.15)))
    )
    (pad 1 thru_hole circle (at 0 0) (size 4 4) (drill 3.08) (layers *.Cu *.Mask))
  )

  (module Capacitor_SMD:CP_Elec_8x10 (layer F.Cu) (tedit 5BCA39D0) (tstamp 5F3E677E)
    (at 235.204 126.798 90)
    (descr "SMD capacitor, aluminum electrolytic, Nichicon, 8.0x10mm")
    (tags "capacitor electrolytic")
    (path /5F3E1B43)
    (attr smd)
    (fp_text reference C3 (at 0 -5.2 90) (layer F.SilkS)
      (effects (font (size 1 1) (thickness 0.15)))
    )
    (fp_text value 100uF (at 0 5.2 90) (layer F.Fab)
      (effects (font (size 1 1) (thickness 0.15)))
    )
    (fp_line (start -5.25 1.5) (end -4.4 1.5) (layer F.CrtYd) (width 0.05))
    (fp_line (start -5.25 -1.5) (end -5.25 1.5) (layer F.CrtYd) (width 0.05))
    (fp_line (start -4.4 -1.5) (end -5.25 -1.5) (layer F.CrtYd) (width 0.05))
    (fp_line (start -4.4 1.5) (end -4.4 3.25) (layer F.CrtYd) (width 0.05))
    (fp_line (start -4.4 -3.25) (end -4.4 -1.5) (layer F.CrtYd) (width 0.05))
    (fp_line (start -4.4 -3.25) (end -3.25 -4.4) (layer F.CrtYd) (width 0.05))
    (fp_line (start -4.4 3.25) (end -3.25 4.4) (layer F.CrtYd) (width 0.05))
    (fp_line (start -3.25 -4.4) (end 4.4 -4.4) (layer F.CrtYd) (width 0.05))
    (fp_line (start -3.25 4.4) (end 4.4 4.4) (layer F.CrtYd) (width 0.05))
    (fp_line (start 4.4 1.5) (end 4.4 4.4) (layer F.CrtYd) (width 0.05))
    (fp_line (start 5.25 1.5) (end 4.4 1.5) (layer F.CrtYd) (width 0.05))
    (fp_line (start 5.25 -1.5) (end 5.25 1.5) (layer F.CrtYd) (width 0.05))
    (fp_line (start 4.4 -1.5) (end 5.25 -1.5) (layer F.CrtYd) (width 0.05))
    (fp_line (start 4.4 -4.4) (end 4.4 -1.5) (layer F.CrtYd) (width 0.05))
    (fp_line (start -5 -3.01) (end -5 -2.01) (layer F.SilkS) (width 0.12))
    (fp_line (start -5.5 -2.51) (end -4.5 -2.51) (layer F.SilkS) (width 0.12))
    (fp_line (start -4.26 3.195563) (end -3.195563 4.26) (layer F.SilkS) (width 0.12))
    (fp_line (start -4.26 -3.195563) (end -3.195563 -4.26) (layer F.SilkS) (width 0.12))
    (fp_line (start -4.26 -3.195563) (end -4.26 -1.51) (layer F.SilkS) (width 0.12))
    (fp_line (start -4.26 3.195563) (end -4.26 1.51) (layer F.SilkS) (width 0.12))
    (fp_line (start -3.195563 4.26) (end 4.26 4.26) (layer F.SilkS) (width 0.12))
    (fp_line (start -3.195563 -4.26) (end 4.26 -4.26) (layer F.SilkS) (width 0.12))
    (fp_line (start 4.26 -4.26) (end 4.26 -1.51) (layer F.SilkS) (width 0.12))
    (fp_line (start 4.26 4.26) (end 4.26 1.51) (layer F.SilkS) (width 0.12))
    (fp_line (start -3.162278 -1.9) (end -3.162278 -1.1) (layer F.Fab) (width 0.1))
    (fp_line (start -3.562278 -1.5) (end -2.762278 -1.5) (layer F.Fab) (width 0.1))
    (fp_line (start -4.15 3.15) (end -3.15 4.15) (layer F.Fab) (width 0.1))
    (fp_line (start -4.15 -3.15) (end -3.15 -4.15) (layer F.Fab) (width 0.1))
    (fp_line (start -4.15 -3.15) (end -4.15 3.15) (layer F.Fab) (width 0.1))
    (fp_line (start -3.15 4.15) (end 4.15 4.15) (layer F.Fab) (width 0.1))
    (fp_line (start -3.15 -4.15) (end 4.15 -4.15) (layer F.Fab) (width 0.1))
    (fp_line (start 4.15 -4.15) (end 4.15 4.15) (layer F.Fab) (width 0.1))
    (fp_circle (center 0 0) (end 4 0) (layer F.Fab) (width 0.1))
    (fp_text user %R (at 0 0 90) (layer F.Fab)
      (effects (font (size 1 1) (thickness 0.15)))
    )
    (pad 2 smd roundrect (at 3.25 0 90) (size 3.5 2.5) (layers F.Cu F.Paste F.Mask) (roundrect_rratio 0.1)
      (net 1 GND))
    (pad 1 smd roundrect (at -3.25 0 90) (size 3.5 2.5) (layers F.Cu F.Paste F.Mask) (roundrect_rratio 0.1)
      (net 4 /Vref))
    (model ${KISYS3DMOD}/Capacitor_SMD.3dshapes/CP_Elec_8x10.wrl
      (at (xyz 0 0 0))
      (scale (xyz 1 1 1))
      (rotate (xyz 0 0 0))
    )
  )

  (module Package_SO:SOIC-8_3.9x4.9mm_P1.27mm (layer F.Cu) (tedit 5D9F72B1) (tstamp 5F3DBA12)
    (at 247 132.6 90)
    (descr "SOIC, 8 Pin (JEDEC MS-012AA, https://www.analog.com/media/en/package-pcb-resources/package/pkg_pdf/soic_narrow-r/r_8.pdf), generated with kicad-footprint-generator ipc_gullwing_generator.py")
    (tags "SOIC SO")
    (path /5F3D0CAD)
    (attr smd)
    (fp_text reference U4 (at 0 -3.4 90) (layer F.SilkS)
      (effects (font (size 1 1) (thickness 0.15)))
    )
    (fp_text value ADA4941-1 (at 0 3.4 90) (layer F.Fab)
      (effects (font (size 1 1) (thickness 0.15)))
    )
    (fp_line (start 0 2.56) (end 1.95 2.56) (layer F.SilkS) (width 0.12))
    (fp_line (start 0 2.56) (end -1.95 2.56) (layer F.SilkS) (width 0.12))
    (fp_line (start 0 -2.56) (end 1.95 -2.56) (layer F.SilkS) (width 0.12))
    (fp_line (start 0 -2.56) (end -3.45 -2.56) (layer F.SilkS) (width 0.12))
    (fp_line (start -0.975 -2.45) (end 1.95 -2.45) (layer F.Fab) (width 0.1))
    (fp_line (start 1.95 -2.45) (end 1.95 2.45) (layer F.Fab) (width 0.1))
    (fp_line (start 1.95 2.45) (end -1.95 2.45) (layer F.Fab) (width 0.1))
    (fp_line (start -1.95 2.45) (end -1.95 -1.475) (layer F.Fab) (width 0.1))
    (fp_line (start -1.95 -1.475) (end -0.975 -2.45) (layer F.Fab) (width 0.1))
    (fp_line (start -3.7 -2.7) (end -3.7 2.7) (layer F.CrtYd) (width 0.05))
    (fp_line (start -3.7 2.7) (end 3.7 2.7) (layer F.CrtYd) (width 0.05))
    (fp_line (start 3.7 2.7) (end 3.7 -2.7) (layer F.CrtYd) (width 0.05))
    (fp_line (start 3.7 -2.7) (end -3.7 -2.7) (layer F.CrtYd) (width 0.05))
    (fp_text user %R (at 0 0 270) (layer F.Fab)
      (effects (font (size 0.98 0.98) (thickness 0.15)))
    )
    (pad 8 smd roundrect (at 2.475 -1.905 90) (size 1.95 0.6) (layers F.Cu F.Paste F.Mask) (roundrect_rratio 0.25)
      (net 2 /VOS2))
    (pad 7 smd roundrect (at 2.475 -0.635 90) (size 1.95 0.6) (layers F.Cu F.Paste F.Mask) (roundrect_rratio 0.25)
      (net 1 GND))
    (pad 6 smd roundrect (at 2.475 0.635 90) (size 1.95 0.6) (layers F.Cu F.Paste F.Mask) (roundrect_rratio 0.25)
      (net 10 VSS))
    (pad 5 smd roundrect (at 2.475 1.905 90) (size 1.95 0.6) (layers F.Cu F.Paste F.Mask) (roundrect_rratio 0.25)
      (net 8 /VoutN))
    (pad 4 smd roundrect (at -2.475 1.905 90) (size 1.95 0.6) (layers F.Cu F.Paste F.Mask) (roundrect_rratio 0.25)
      (net 6 /VoutP))
    (pad 3 smd roundrect (at -2.475 0.635 90) (size 1.95 0.6) (layers F.Cu F.Paste F.Mask) (roundrect_rratio 0.25)
      (net 9 VDD))
    (pad 2 smd roundrect (at -2.475 -0.635 90) (size 1.95 0.6) (layers F.Cu F.Paste F.Mask) (roundrect_rratio 0.25)
      (net 3 /VOS1))
    (pad 1 smd roundrect (at -2.475 -1.905 90) (size 1.95 0.6) (layers F.Cu F.Paste F.Mask) (roundrect_rratio 0.25)
      (net 5 "Net-(CF1-Pad2)"))
    (model ${KISYS3DMOD}/Package_SO.3dshapes/SOIC-8_3.9x4.9mm_P1.27mm.wrl
      (at (xyz 0 0 0))
      (scale (xyz 1 1 1))
      (rotate (xyz 0 0 0))
    )
  )

  (module Resistor_SMD:R_0805_2012Metric_Pad1.15x1.40mm_HandSolder (layer F.Cu) (tedit 5B36C52B) (tstamp 5F3DD799)
    (at 254.2 128.025 270)
    (descr "Resistor SMD 0805 (2012 Metric), square (rectangular) end terminal, IPC_7351 nominal with elongated pad for handsoldering. (Body size source: https://docs.google.com/spreadsheets/d/1BsfQQcO9C6DZCsRaXUlFlo91Tg2WpOkGARC1WS5S8t0/edit?usp=sharing), generated with kicad-footprint-generator")
    (tags "resistor handsolder")
    (path /5F42BD71)
    (attr smd)
    (fp_text reference R7 (at 0 -1.65 90) (layer F.SilkS)
      (effects (font (size 1 1) (thickness 0.15)))
    )
    (fp_text value 0R (at 0 1.65 90) (layer F.Fab)
      (effects (font (size 1 1) (thickness 0.15)))
    )
    (fp_line (start -1 0.6) (end -1 -0.6) (layer F.Fab) (width 0.1))
    (fp_line (start -1 -0.6) (end 1 -0.6) (layer F.Fab) (width 0.1))
    (fp_line (start 1 -0.6) (end 1 0.6) (layer F.Fab) (width 0.1))
    (fp_line (start 1 0.6) (end -1 0.6) (layer F.Fab) (width 0.1))
    (fp_line (start -0.261252 -0.71) (end 0.261252 -0.71) (layer F.SilkS) (width 0.12))
    (fp_line (start -0.261252 0.71) (end 0.261252 0.71) (layer F.SilkS) (width 0.12))
    (fp_line (start -1.85 0.95) (end -1.85 -0.95) (layer F.CrtYd) (width 0.05))
    (fp_line (start -1.85 -0.95) (end 1.85 -0.95) (layer F.CrtYd) (width 0.05))
    (fp_line (start 1.85 -0.95) (end 1.85 0.95) (layer F.CrtYd) (width 0.05))
    (fp_line (start 1.85 0.95) (end -1.85 0.95) (layer F.CrtYd) (width 0.05))
    (fp_text user %R (at 0 0 90) (layer F.Fab)
      (effects (font (size 0.5 0.5) (thickness 0.08)))
    )
    (pad 2 smd roundrect (at 1.025 0 270) (size 1.15 1.4) (layers F.Cu F.Paste F.Mask) (roundrect_rratio 0.217391)
      (net 8 /VoutN))
    (pad 1 smd roundrect (at -1.025 0 270) (size 1.15 1.4) (layers F.Cu F.Paste F.Mask) (roundrect_rratio 0.217391)
      (net 11 /VoutN_1))
    (model ${KISYS3DMOD}/Resistor_SMD.3dshapes/R_0805_2012Metric.wrl
      (at (xyz 0 0 0))
      (scale (xyz 1 1 1))
      (rotate (xyz 0 0 0))
    )
  )

  (module Resistor_SMD:R_0805_2012Metric_Pad1.15x1.40mm_HandSolder (layer F.Cu) (tedit 5B36C52B) (tstamp 5F3DD788)
    (at 254.2 137.2 90)
    (descr "Resistor SMD 0805 (2012 Metric), square (rectangular) end terminal, IPC_7351 nominal with elongated pad for handsoldering. (Body size source: https://docs.google.com/spreadsheets/d/1BsfQQcO9C6DZCsRaXUlFlo91Tg2WpOkGARC1WS5S8t0/edit?usp=sharing), generated with kicad-footprint-generator")
    (tags "resistor handsolder")
    (path /5F42859E)
    (attr smd)
    (fp_text reference R6 (at 0 -1.65 90) (layer F.SilkS)
      (effects (font (size 1 1) (thickness 0.15)))
    )
    (fp_text value 0R (at 0 1.65 90) (layer F.Fab)
      (effects (font (size 1 1) (thickness 0.15)))
    )
    (fp_line (start -1 0.6) (end -1 -0.6) (layer F.Fab) (width 0.1))
    (fp_line (start -1 -0.6) (end 1 -0.6) (layer F.Fab) (width 0.1))
    (fp_line (start 1 -0.6) (end 1 0.6) (layer F.Fab) (width 0.1))
    (fp_line (start 1 0.6) (end -1 0.6) (layer F.Fab) (width 0.1))
    (fp_line (start -0.261252 -0.71) (end 0.261252 -0.71) (layer F.SilkS) (width 0.12))
    (fp_line (start -0.261252 0.71) (end 0.261252 0.71) (layer F.SilkS) (width 0.12))
    (fp_line (start -1.85 0.95) (end -1.85 -0.95) (layer F.CrtYd) (width 0.05))
    (fp_line (start -1.85 -0.95) (end 1.85 -0.95) (layer F.CrtYd) (width 0.05))
    (fp_line (start 1.85 -0.95) (end 1.85 0.95) (layer F.CrtYd) (width 0.05))
    (fp_line (start 1.85 0.95) (end -1.85 0.95) (layer F.CrtYd) (width 0.05))
    (fp_text user %R (at 0 0 90) (layer F.Fab)
      (effects (font (size 0.5 0.5) (thickness 0.08)))
    )
    (pad 2 smd roundrect (at 1.025 0 90) (size 1.15 1.4) (layers F.Cu F.Paste F.Mask) (roundrect_rratio 0.217391)
      (net 6 /VoutP))
    (pad 1 smd roundrect (at -1.025 0 90) (size 1.15 1.4) (layers F.Cu F.Paste F.Mask) (roundrect_rratio 0.217391)
      (net 12 /VoutP_1))
    (model ${KISYS3DMOD}/Resistor_SMD.3dshapes/R_0805_2012Metric.wrl
      (at (xyz 0 0 0))
      (scale (xyz 1 1 1))
      (rotate (xyz 0 0 0))
    )
  )

  (module my_library_foot:TestPoint_Keystone_5000-5004_Miniature (layer F.Cu) (tedit 5EF69EC3) (tstamp 5F3DB00D)
    (at 243 120.65)
    (descr "Keystone Miniature THM Test Point 5000-5004, http://www.keyelco.com/product-pdf.cfm?p=1309")
    (tags "Through Hole Mount Test Points")
    (path /5F3D652C)
    (fp_text reference VOS2 (at 0.3175 -2.4765) (layer F.Fab)
      (effects (font (size 1 1) (thickness 0.15)))
    )
    (fp_text value TestPoint (at 0 2.5) (layer F.SilkS)
      (effects (font (size 1 1) (thickness 0.15)))
    )
    (fp_circle (center 0 0) (end 1.4 0) (layer F.SilkS) (width 0.15))
    (fp_circle (center 0 0) (end 1.25 0) (layer F.Fab) (width 0.15))
    (fp_circle (center 0 0) (end 1.65 0) (layer F.CrtYd) (width 0.05))
    (fp_line (start -0.75 0.25) (end -0.75 -0.25) (layer F.Fab) (width 0.15))
    (fp_line (start 0.75 0.25) (end -0.75 0.25) (layer F.Fab) (width 0.15))
    (fp_line (start 0.75 -0.25) (end 0.75 0.25) (layer F.Fab) (width 0.15))
    (fp_line (start -0.75 -0.25) (end 0.75 -0.25) (layer F.Fab) (width 0.15))
    (pad 1 thru_hole circle (at 0 0) (size 2 2) (drill 1) (layers *.Cu *.Mask)
      (net 2 /VOS2))
    (model ${KISYS3DMOD}/TestPoint.3dshapes/TestPoint_Keystone_5000-5004_Miniature.wrl
      (at (xyz 0 0 0))
      (scale (xyz 1 1 1))
      (rotate (xyz 0 0 0))
    )
  )

  (module my_library_foot:TestPoint_Keystone_5000-5004_Miniature (layer F.Cu) (tedit 5EF69EC3) (tstamp 5F3DB001)
    (at 243 144.5)
    (descr "Keystone Miniature THM Test Point 5000-5004, http://www.keyelco.com/product-pdf.cfm?p=1309")
    (tags "Through Hole Mount Test Points")
    (path /5F3D5B03)
    (fp_text reference VOS1 (at 0.3175 -2.4765) (layer F.Fab)
      (effects (font (size 1 1) (thickness 0.15)))
    )
    (fp_text value TestPoint (at 0 2.5) (layer F.SilkS)
      (effects (font (size 1 1) (thickness 0.15)))
    )
    (fp_circle (center 0 0) (end 1.4 0) (layer F.SilkS) (width 0.15))
    (fp_circle (center 0 0) (end 1.25 0) (layer F.Fab) (width 0.15))
    (fp_circle (center 0 0) (end 1.65 0) (layer F.CrtYd) (width 0.05))
    (fp_line (start -0.75 0.25) (end -0.75 -0.25) (layer F.Fab) (width 0.15))
    (fp_line (start 0.75 0.25) (end -0.75 0.25) (layer F.Fab) (width 0.15))
    (fp_line (start 0.75 -0.25) (end 0.75 0.25) (layer F.Fab) (width 0.15))
    (fp_line (start -0.75 -0.25) (end 0.75 -0.25) (layer F.Fab) (width 0.15))
    (pad 1 thru_hole circle (at 0 0) (size 2 2) (drill 1) (layers *.Cu *.Mask)
      (net 3 /VOS1))
    (model ${KISYS3DMOD}/TestPoint.3dshapes/TestPoint_Keystone_5000-5004_Miniature.wrl
      (at (xyz 0 0 0))
      (scale (xyz 1 1 1))
      (rotate (xyz 0 0 0))
    )
  )

  (module Connector:Banana_Jack_1Pin (layer F.Cu) (tedit 5A1AB217) (tstamp 5F3DAFCA)
    (at 254 104.013)
    (descr "Single banana socket, footprint - 6mm drill")
    (tags "banana socket")
    (path /5F3CE031)
    (fp_text reference U3 (at 0 -6.5) (layer F.SilkS)
      (effects (font (size 1 1) (thickness 0.15)))
    )
    (fp_text value PWR_JACK_NEG (at -0.25 6.5) (layer F.Fab)
      (effects (font (size 1 1) (thickness 0.15)))
    )
    (fp_circle (center 0 0) (end 5.75 0) (layer F.CrtYd) (width 0.05))
    (fp_circle (center 0 0) (end 2 0) (layer F.Fab) (width 0.1))
    (fp_circle (center 0 0) (end 4.85 0.05) (layer F.Fab) (width 0.1))
    (fp_circle (center 0 0) (end 5.5 0) (layer F.SilkS) (width 0.12))
    (fp_text user %R (at 0 0) (layer F.Fab)
      (effects (font (size 0.8 0.8) (thickness 0.12)))
    )
    (pad 1 thru_hole circle (at 0 0) (size 10.16 10.16) (drill 6.1) (layers *.Cu *.Mask)
      (net 10 VSS))
    (model ${KISYS3DMOD}/Connector.3dshapes/Banana_Jack_1Pin.wrl
      (at (xyz 0 0 0))
      (scale (xyz 2 2 2))
      (rotate (xyz 0 0 0))
    )
  )

  (module Connector:Banana_Jack_1Pin (layer F.Cu) (tedit 5A1AB217) (tstamp 5F3DAFC0)
    (at 241.3 104.14)
    (descr "Single banana socket, footprint - 6mm drill")
    (tags "banana socket")
    (path /5F3C9267)
    (fp_text reference U2 (at 0 -6.5) (layer F.SilkS)
      (effects (font (size 1 1) (thickness 0.15)))
    )
    (fp_text value PWR_JACK_GND (at -0.25 6.5) (layer F.Fab)
      (effects (font (size 1 1) (thickness 0.15)))
    )
    (fp_circle (center 0 0) (end 5.75 0) (layer F.CrtYd) (width 0.05))
    (fp_circle (center 0 0) (end 2 0) (layer F.Fab) (width 0.1))
    (fp_circle (center 0 0) (end 4.85 0.05) (layer F.Fab) (width 0.1))
    (fp_circle (center 0 0) (end 5.5 0) (layer F.SilkS) (width 0.12))
    (fp_text user %R (at 0 0) (layer F.Fab)
      (effects (font (size 0.8 0.8) (thickness 0.12)))
    )
    (pad 1 thru_hole circle (at 0 0) (size 10.16 10.16) (drill 6.1) (layers *.Cu *.Mask)
      (net 1 GND))
    (model ${KISYS3DMOD}/Connector.3dshapes/Banana_Jack_1Pin.wrl
      (at (xyz 0 0 0))
      (scale (xyz 2 2 2))
      (rotate (xyz 0 0 0))
    )
  )

  (module Connector:Banana_Jack_1Pin (layer F.Cu) (tedit 5A1AB217) (tstamp 5F3DAFB6)
    (at 228.6 104.14)
    (descr "Single banana socket, footprint - 6mm drill")
    (tags "banana socket")
    (path /5F3C9E36)
    (fp_text reference U1 (at 0 -6.5) (layer F.SilkS)
      (effects (font (size 1 1) (thickness 0.15)))
    )
    (fp_text value PWR_JACK_POS (at -0.25 6.5) (layer F.Fab)
      (effects (font (size 1 1) (thickness 0.15)))
    )
    (fp_circle (center 0 0) (end 5.75 0) (layer F.CrtYd) (width 0.05))
    (fp_circle (center 0 0) (end 2 0) (layer F.Fab) (width 0.1))
    (fp_circle (center 0 0) (end 4.85 0.05) (layer F.Fab) (width 0.1))
    (fp_circle (center 0 0) (end 5.5 0) (layer F.SilkS) (width 0.12))
    (fp_text user %R (at 0 0) (layer F.Fab)
      (effects (font (size 0.8 0.8) (thickness 0.12)))
    )
    (pad 1 thru_hole circle (at 0 0) (size 10.16 10.16) (drill 6.1) (layers *.Cu *.Mask)
      (net 9 VDD))
    (model ${KISYS3DMOD}/Connector.3dshapes/Banana_Jack_1Pin.wrl
      (at (xyz 0 0 0))
      (scale (xyz 2 2 2))
      (rotate (xyz 0 0 0))
    )
  )

  (module Resistor_SMD:R_0805_2012Metric_Pad1.15x1.40mm_HandSolder (layer B.Cu) (tedit 5B36C52B) (tstamp 5F3E08A5)
    (at 247.006 132.334 180)
    (descr "Resistor SMD 0805 (2012 Metric), square (rectangular) end terminal, IPC_7351 nominal with elongated pad for handsoldering. (Body size source: https://docs.google.com/spreadsheets/d/1BsfQQcO9C6DZCsRaXUlFlo91Tg2WpOkGARC1WS5S8t0/edit?usp=sharing), generated with kicad-footprint-generator")
    (tags "resistor handsolder")
    (path /5F3E80D0)
    (attr smd)
    (fp_text reference RF1 (at 0 1.65) (layer B.SilkS)
      (effects (font (size 1 1) (thickness 0.15)) (justify mirror))
    )
    (fp_text value R_US (at 0 -1.65) (layer B.Fab)
      (effects (font (size 1 1) (thickness 0.15)) (justify mirror))
    )
    (fp_line (start -1 -0.6) (end -1 0.6) (layer B.Fab) (width 0.1))
    (fp_line (start -1 0.6) (end 1 0.6) (layer B.Fab) (width 0.1))
    (fp_line (start 1 0.6) (end 1 -0.6) (layer B.Fab) (width 0.1))
    (fp_line (start 1 -0.6) (end -1 -0.6) (layer B.Fab) (width 0.1))
    (fp_line (start -0.261252 0.71) (end 0.261252 0.71) (layer B.SilkS) (width 0.12))
    (fp_line (start -0.261252 -0.71) (end 0.261252 -0.71) (layer B.SilkS) (width 0.12))
    (fp_line (start -1.85 -0.95) (end -1.85 0.95) (layer B.CrtYd) (width 0.05))
    (fp_line (start -1.85 0.95) (end 1.85 0.95) (layer B.CrtYd) (width 0.05))
    (fp_line (start 1.85 0.95) (end 1.85 -0.95) (layer B.CrtYd) (width 0.05))
    (fp_line (start 1.85 -0.95) (end -1.85 -0.95) (layer B.CrtYd) (width 0.05))
    (fp_text user %R (at 0 0) (layer B.Fab)
      (effects (font (size 0.5 0.5) (thickness 0.08)) (justify mirror))
    )
    (pad 2 smd roundrect (at 1.025 0 180) (size 1.15 1.4) (layers B.Cu B.Paste B.Mask) (roundrect_rratio 0.217391)
      (net 5 "Net-(CF1-Pad2)"))
    (pad 1 smd roundrect (at -1.025 0 180) (size 1.15 1.4) (layers B.Cu B.Paste B.Mask) (roundrect_rratio 0.217391)
      (net 6 /VoutP))
    (model ${KISYS3DMOD}/Resistor_SMD.3dshapes/R_0805_2012Metric.wrl
      (at (xyz 0 0 0))
      (scale (xyz 1 1 1))
      (rotate (xyz 0 0 0))
    )
  )

  (module Resistor_SMD:R_0805_2012Metric_Pad1.15x1.40mm_HandSolder (layer F.Cu) (tedit 5B36C52B) (tstamp 5F3DAF9B)
    (at 245.119 127.508)
    (descr "Resistor SMD 0805 (2012 Metric), square (rectangular) end terminal, IPC_7351 nominal with elongated pad for handsoldering. (Body size source: https://docs.google.com/spreadsheets/d/1BsfQQcO9C6DZCsRaXUlFlo91Tg2WpOkGARC1WS5S8t0/edit?usp=sharing), generated with kicad-footprint-generator")
    (tags "resistor handsolder")
    (path /5F3D5DA7)
    (attr smd)
    (fp_text reference R5 (at -3.184 -0.127) (layer F.SilkS)
      (effects (font (size 1 1) (thickness 0.15)))
    )
    (fp_text value R_US (at 0 1.65) (layer F.Fab)
      (effects (font (size 1 1) (thickness 0.15)))
    )
    (fp_line (start -1 0.6) (end -1 -0.6) (layer F.Fab) (width 0.1))
    (fp_line (start -1 -0.6) (end 1 -0.6) (layer F.Fab) (width 0.1))
    (fp_line (start 1 -0.6) (end 1 0.6) (layer F.Fab) (width 0.1))
    (fp_line (start 1 0.6) (end -1 0.6) (layer F.Fab) (width 0.1))
    (fp_line (start -0.261252 -0.71) (end 0.261252 -0.71) (layer F.SilkS) (width 0.12))
    (fp_line (start -0.261252 0.71) (end 0.261252 0.71) (layer F.SilkS) (width 0.12))
    (fp_line (start -1.85 0.95) (end -1.85 -0.95) (layer F.CrtYd) (width 0.05))
    (fp_line (start -1.85 -0.95) (end 1.85 -0.95) (layer F.CrtYd) (width 0.05))
    (fp_line (start 1.85 -0.95) (end 1.85 0.95) (layer F.CrtYd) (width 0.05))
    (fp_line (start 1.85 0.95) (end -1.85 0.95) (layer F.CrtYd) (width 0.05))
    (fp_text user %R (at 0 0) (layer F.Fab)
      (effects (font (size 0.5 0.5) (thickness 0.08)))
    )
    (pad 2 smd roundrect (at 1.025 0) (size 1.15 1.4) (layers F.Cu F.Paste F.Mask) (roundrect_rratio 0.217391)
      (net 2 /VOS2))
    (pad 1 smd roundrect (at -1.025 0) (size 1.15 1.4) (layers F.Cu F.Paste F.Mask) (roundrect_rratio 0.217391)
      (net 4 /Vref))
    (model ${KISYS3DMOD}/Resistor_SMD.3dshapes/R_0805_2012Metric.wrl
      (at (xyz 0 0 0))
      (scale (xyz 1 1 1))
      (rotate (xyz 0 0 0))
    )
  )

  (module Resistor_SMD:R_0805_2012Metric_Pad1.15x1.40mm_HandSolder (layer F.Cu) (tedit 5B36C52B) (tstamp 5F3E7645)
    (at 244.847 137.668)
    (descr "Resistor SMD 0805 (2012 Metric), square (rectangular) end terminal, IPC_7351 nominal with elongated pad for handsoldering. (Body size source: https://docs.google.com/spreadsheets/d/1BsfQQcO9C6DZCsRaXUlFlo91Tg2WpOkGARC1WS5S8t0/edit?usp=sharing), generated with kicad-footprint-generator")
    (tags "resistor handsolder")
    (path /5F3D4425)
    (attr smd)
    (fp_text reference R4 (at 3.039 0) (layer F.SilkS)
      (effects (font (size 1 1) (thickness 0.15)))
    )
    (fp_text value R_US (at 0 1.65) (layer F.Fab)
      (effects (font (size 1 1) (thickness 0.15)))
    )
    (fp_line (start -1 0.6) (end -1 -0.6) (layer F.Fab) (width 0.1))
    (fp_line (start -1 -0.6) (end 1 -0.6) (layer F.Fab) (width 0.1))
    (fp_line (start 1 -0.6) (end 1 0.6) (layer F.Fab) (width 0.1))
    (fp_line (start 1 0.6) (end -1 0.6) (layer F.Fab) (width 0.1))
    (fp_line (start -0.261252 -0.71) (end 0.261252 -0.71) (layer F.SilkS) (width 0.12))
    (fp_line (start -0.261252 0.71) (end 0.261252 0.71) (layer F.SilkS) (width 0.12))
    (fp_line (start -1.85 0.95) (end -1.85 -0.95) (layer F.CrtYd) (width 0.05))
    (fp_line (start -1.85 -0.95) (end 1.85 -0.95) (layer F.CrtYd) (width 0.05))
    (fp_line (start 1.85 -0.95) (end 1.85 0.95) (layer F.CrtYd) (width 0.05))
    (fp_line (start 1.85 0.95) (end -1.85 0.95) (layer F.CrtYd) (width 0.05))
    (fp_text user %R (at 0 0) (layer F.Fab)
      (effects (font (size 0.5 0.5) (thickness 0.08)))
    )
    (pad 2 smd roundrect (at 1.025 0) (size 1.15 1.4) (layers F.Cu F.Paste F.Mask) (roundrect_rratio 0.217391)
      (net 3 /VOS1))
    (pad 1 smd roundrect (at -1.025 0) (size 1.15 1.4) (layers F.Cu F.Paste F.Mask) (roundrect_rratio 0.217391)
      (net 4 /Vref))
    (model ${KISYS3DMOD}/Resistor_SMD.3dshapes/R_0805_2012Metric.wrl
      (at (xyz 0 0 0))
      (scale (xyz 1 1 1))
      (rotate (xyz 0 0 0))
    )
  )

  (module Resistor_SMD:R_0805_2012Metric_Pad1.15x1.40mm_HandSolder (layer F.Cu) (tedit 5B36C52B) (tstamp 5F3E825C)
    (at 247.1 125.222)
    (descr "Resistor SMD 0805 (2012 Metric), square (rectangular) end terminal, IPC_7351 nominal with elongated pad for handsoldering. (Body size source: https://docs.google.com/spreadsheets/d/1BsfQQcO9C6DZCsRaXUlFlo91Tg2WpOkGARC1WS5S8t0/edit?usp=sharing), generated with kicad-footprint-generator")
    (tags "resistor handsolder")
    (path /5F3D54E8)
    (attr smd)
    (fp_text reference R3 (at 3.048 -0.009) (layer F.SilkS)
      (effects (font (size 1 1) (thickness 0.15)))
    )
    (fp_text value R_US (at 0 1.65) (layer F.Fab)
      (effects (font (size 1 1) (thickness 0.15)))
    )
    (fp_line (start -1 0.6) (end -1 -0.6) (layer F.Fab) (width 0.1))
    (fp_line (start -1 -0.6) (end 1 -0.6) (layer F.Fab) (width 0.1))
    (fp_line (start 1 -0.6) (end 1 0.6) (layer F.Fab) (width 0.1))
    (fp_line (start 1 0.6) (end -1 0.6) (layer F.Fab) (width 0.1))
    (fp_line (start -0.261252 -0.71) (end 0.261252 -0.71) (layer F.SilkS) (width 0.12))
    (fp_line (start -0.261252 0.71) (end 0.261252 0.71) (layer F.SilkS) (width 0.12))
    (fp_line (start -1.85 0.95) (end -1.85 -0.95) (layer F.CrtYd) (width 0.05))
    (fp_line (start -1.85 -0.95) (end 1.85 -0.95) (layer F.CrtYd) (width 0.05))
    (fp_line (start 1.85 -0.95) (end 1.85 0.95) (layer F.CrtYd) (width 0.05))
    (fp_line (start 1.85 0.95) (end -1.85 0.95) (layer F.CrtYd) (width 0.05))
    (fp_text user %R (at 0 0) (layer F.Fab)
      (effects (font (size 0.5 0.5) (thickness 0.08)))
    )
    (pad 2 smd roundrect (at 1.025 0) (size 1.15 1.4) (layers F.Cu F.Paste F.Mask) (roundrect_rratio 0.217391)
      (net 1 GND))
    (pad 1 smd roundrect (at -1.025 0) (size 1.15 1.4) (layers F.Cu F.Paste F.Mask) (roundrect_rratio 0.217391)
      (net 2 /VOS2))
    (model ${KISYS3DMOD}/Resistor_SMD.3dshapes/R_0805_2012Metric.wrl
      (at (xyz 0 0 0))
      (scale (xyz 1 1 1))
      (rotate (xyz 0 0 0))
    )
  )

  (module Resistor_SMD:R_0805_2012Metric_Pad1.15x1.40mm_HandSolder (layer F.Cu) (tedit 5B36C52B) (tstamp 5F3E65B7)
    (at 247.1 142.24)
    (descr "Resistor SMD 0805 (2012 Metric), square (rectangular) end terminal, IPC_7351 nominal with elongated pad for handsoldering. (Body size source: https://docs.google.com/spreadsheets/d/1BsfQQcO9C6DZCsRaXUlFlo91Tg2WpOkGARC1WS5S8t0/edit?usp=sharing), generated with kicad-footprint-generator")
    (tags "resistor handsolder")
    (path /5F3D3CE8)
    (attr smd)
    (fp_text reference R2 (at -3.039 0) (layer F.SilkS)
      (effects (font (size 1 1) (thickness 0.15)))
    )
    (fp_text value R_US (at 0 1.65) (layer F.Fab)
      (effects (font (size 1 1) (thickness 0.15)))
    )
    (fp_line (start -1 0.6) (end -1 -0.6) (layer F.Fab) (width 0.1))
    (fp_line (start -1 -0.6) (end 1 -0.6) (layer F.Fab) (width 0.1))
    (fp_line (start 1 -0.6) (end 1 0.6) (layer F.Fab) (width 0.1))
    (fp_line (start 1 0.6) (end -1 0.6) (layer F.Fab) (width 0.1))
    (fp_line (start -0.261252 -0.71) (end 0.261252 -0.71) (layer F.SilkS) (width 0.12))
    (fp_line (start -0.261252 0.71) (end 0.261252 0.71) (layer F.SilkS) (width 0.12))
    (fp_line (start -1.85 0.95) (end -1.85 -0.95) (layer F.CrtYd) (width 0.05))
    (fp_line (start -1.85 -0.95) (end 1.85 -0.95) (layer F.CrtYd) (width 0.05))
    (fp_line (start 1.85 -0.95) (end 1.85 0.95) (layer F.CrtYd) (width 0.05))
    (fp_line (start 1.85 0.95) (end -1.85 0.95) (layer F.CrtYd) (width 0.05))
    (fp_text user %R (at 0 0) (layer F.Fab)
      (effects (font (size 0.5 0.5) (thickness 0.08)))
    )
    (pad 2 smd roundrect (at 1.025 0) (size 1.15 1.4) (layers F.Cu F.Paste F.Mask) (roundrect_rratio 0.217391)
      (net 1 GND))
    (pad 1 smd roundrect (at -1.025 0) (size 1.15 1.4) (layers F.Cu F.Paste F.Mask) (roundrect_rratio 0.217391)
      (net 3 /VOS1))
    (model ${KISYS3DMOD}/Resistor_SMD.3dshapes/R_0805_2012Metric.wrl
      (at (xyz 0 0 0))
      (scale (xyz 1 1 1))
      (rotate (xyz 0 0 0))
    )
  )

  (module Resistor_SMD:R_0805_2012Metric_Pad1.15x1.40mm_HandSolder (layer F.Cu) (tedit 5B36C52B) (tstamp 5F3DAF57)
    (at 241.554 138.947 270)
    (descr "Resistor SMD 0805 (2012 Metric), square (rectangular) end terminal, IPC_7351 nominal with elongated pad for handsoldering. (Body size source: https://docs.google.com/spreadsheets/d/1BsfQQcO9C6DZCsRaXUlFlo91Tg2WpOkGARC1WS5S8t0/edit?usp=sharing), generated with kicad-footprint-generator")
    (tags "resistor handsolder")
    (path /5F3E7798)
    (attr smd)
    (fp_text reference R1 (at 0 -1.65 90) (layer F.SilkS)
      (effects (font (size 1 1) (thickness 0.15)))
    )
    (fp_text value R_US (at 0 1.65 90) (layer F.Fab)
      (effects (font (size 1 1) (thickness 0.15)))
    )
    (fp_line (start -1 0.6) (end -1 -0.6) (layer F.Fab) (width 0.1))
    (fp_line (start -1 -0.6) (end 1 -0.6) (layer F.Fab) (width 0.1))
    (fp_line (start 1 -0.6) (end 1 0.6) (layer F.Fab) (width 0.1))
    (fp_line (start 1 0.6) (end -1 0.6) (layer F.Fab) (width 0.1))
    (fp_line (start -0.261252 -0.71) (end 0.261252 -0.71) (layer F.SilkS) (width 0.12))
    (fp_line (start -0.261252 0.71) (end 0.261252 0.71) (layer F.SilkS) (width 0.12))
    (fp_line (start -1.85 0.95) (end -1.85 -0.95) (layer F.CrtYd) (width 0.05))
    (fp_line (start -1.85 -0.95) (end 1.85 -0.95) (layer F.CrtYd) (width 0.05))
    (fp_line (start 1.85 -0.95) (end 1.85 0.95) (layer F.CrtYd) (width 0.05))
    (fp_line (start 1.85 0.95) (end -1.85 0.95) (layer F.CrtYd) (width 0.05))
    (fp_text user %R (at 0 0 90) (layer F.Fab)
      (effects (font (size 0.5 0.5) (thickness 0.08)))
    )
    (pad 2 smd roundrect (at 1.025 0 270) (size 1.15 1.4) (layers F.Cu F.Paste F.Mask) (roundrect_rratio 0.217391)
      (net 7 /Vin))
    (pad 1 smd roundrect (at -1.025 0 270) (size 1.15 1.4) (layers F.Cu F.Paste F.Mask) (roundrect_rratio 0.217391)
      (net 5 "Net-(CF1-Pad2)"))
    (model ${KISYS3DMOD}/Resistor_SMD.3dshapes/R_0805_2012Metric.wrl
      (at (xyz 0 0 0))
      (scale (xyz 1 1 1))
      (rotate (xyz 0 0 0))
    )
  )

  (module my_library_foot:CON-SMA-EDGE-S (layer F.Cu) (tedit 5EF64970) (tstamp 5F3DAF46)
    (at 271.076 154.94 180)
    (descr "Molex SMA RF Connectors, Edge Mount, (http://www.molex.com/pdm_docs/sd/732511150_sd.pdf)")
    (tags "sma edge")
    (path /5F3DC6C7)
    (attr smd)
    (fp_text reference JPOS1 (at -1.5 7) (layer F.SilkS)
      (effects (font (size 1 1) (thickness 0.15)))
    )
    (fp_text value Conn_Coaxial (at -1.72 -7.11) (layer F.Fab)
      (effects (font (size 1 1) (thickness 0.15)))
    )
    (fp_line (start -4.191 3.1595) (end -0.381 3.1595) (layer F.Fab) (width 0.12))
    (fp_line (start -0.381 2.3495) (end -0.381 3.1595) (layer F.Fab) (width 0.12))
    (fp_line (start -4.191 2.3495) (end -0.381 2.3495) (layer F.Fab) (width 0.12))
    (fp_line (start -4.191 0.3655) (end -0.381 0.3655) (layer F.Fab) (width 0.12))
    (fp_line (start -0.381 -0.4445) (end -0.381 0.3655) (layer F.Fab) (width 0.12))
    (fp_line (start -4.191 -0.4445) (end -0.381 -0.4445) (layer F.Fab) (width 0.12))
    (fp_line (start -0.4445 -3.2385) (end -0.4445 -2.4285) (layer F.Fab) (width 0.12))
    (fp_line (start -4.2545 -2.4285) (end -0.4445 -2.4285) (layer F.Fab) (width 0.12))
    (fp_line (start -4.2545 -3.2385) (end -0.4445 -3.2385) (layer F.Fab) (width 0.12))
    (fp_line (start -4.2545 -3.2385) (end -4.2555 3.175) (layer F.Fab) (width 0.12))
    (fp_line (start -5.9055 3.175) (end -4.2555 3.175) (layer F.Fab) (width 0.12))
    (fp_line (start -5.9055 -3.2385) (end -4.2555 -3.2385) (layer F.Fab) (width 0.12))
    (fp_line (start -5.9055 -3.18) (end -5.9055 3.18) (layer F.Fab) (width 0.12))
    (fp_line (start 2.5 0.25) (end 2.5 -0.25) (layer F.Fab) (width 0.1))
    (fp_line (start 2 0) (end 2.5 0.25) (layer F.Fab) (width 0.1))
    (fp_line (start 2.5 -0.25) (end 2 0) (layer F.Fab) (width 0.1))
    (fp_line (start 2.5 0.25) (end 2 0) (layer F.SilkS) (width 0.12))
    (fp_line (start 2.5 -0.25) (end 2.5 0.25) (layer F.SilkS) (width 0.12))
    (fp_line (start 2 0) (end 2.5 -0.25) (layer F.SilkS) (width 0.12))
    (fp_line (start -14.29 -6.09) (end -14.29 6.09) (layer F.CrtYd) (width 0.05))
    (fp_line (start -14.29 6.09) (end 2.71 6.09) (layer F.CrtYd) (width 0.05))
    (fp_line (start 2.71 -6.09) (end 2.71 6.09) (layer B.CrtYd) (width 0.05))
    (fp_line (start -14.29 -6.09) (end 2.71 -6.09) (layer B.CrtYd) (width 0.05))
    (fp_line (start -14.29 -6.09) (end -14.29 6.09) (layer B.CrtYd) (width 0.05))
    (fp_line (start -14.29 6.09) (end 2.71 6.09) (layer B.CrtYd) (width 0.05))
    (fp_line (start 2.71 -6.09) (end 2.71 6.09) (layer F.CrtYd) (width 0.05))
    (fp_line (start 2.71 -6.09) (end -14.29 -6.09) (layer F.CrtYd) (width 0.05))
    (fp_line (start -13.79 -2.65) (end -5.98 -2.65) (layer F.Fab) (width 0.1))
    (fp_line (start -13.79 -2.65) (end -13.79 2.65) (layer F.Fab) (width 0.1))
    (fp_line (start -13.79 2.65) (end -5.91 2.65) (layer F.Fab) (width 0.1))
    (fp_text user %R (at -1.5 7) (layer F.Fab)
      (effects (font (size 1 1) (thickness 0.15)))
    )
    (pad 2 smd rect (at 1.27 2.856 180) (size 0.95 0.46) (layers B.Cu)
      (net 1 GND))
    (pad 2 smd rect (at 1.27 -2.856 180) (size 0.95 0.46) (layers B.Cu)
      (net 1 GND))
    (pad 2 smd rect (at 1.27 2.856 180) (size 0.95 0.46) (layers F.Cu)
      (net 1 GND))
    (pad 2 smd rect (at 1.27 -2.856 180) (size 0.95 0.46) (layers F.Cu)
      (net 1 GND))
    (pad 2 smd rect (at -1.72 2.77 180) (size 5.08 1.6) (layers B.Cu B.Paste B.Mask)
      (net 1 GND))
    (pad 2 smd rect (at -1.72 -2.77 180) (size 5.08 1.6) (layers B.Cu B.Paste B.Mask)
      (net 1 GND))
    (pad 2 smd rect (at -1.72 2.77 180) (size 5.08 1.6) (layers F.Cu F.Paste F.Mask)
      (net 1 GND))
    (pad 2 smd rect (at -1.72 -2.77 180) (size 5.08 1.6) (layers F.Cu F.Paste F.Mask)
      (net 1 GND))
    (pad 1 smd rect (at -1.72 0 180) (size 5.08 1.6) (layers F.Cu F.Paste F.Mask)
      (net 12 /VoutP_1))
    (model ${KISYS3DMOD}/Connector_Coaxial.3dshapes/SMA_Molex_73251-1153_EdgeMount_Horizontal.wrl
      (at (xyz 0 0 0))
      (scale (xyz 1 1 1))
      (rotate (xyz 0 0 0))
    )
  )

  (module my_library_foot:CON-SMA-EDGE-S (layer F.Cu) (tedit 5EF64970) (tstamp 5F3DAF1A)
    (at 271.076 110.466 180)
    (descr "Molex SMA RF Connectors, Edge Mount, (http://www.molex.com/pdm_docs/sd/732511150_sd.pdf)")
    (tags "sma edge")
    (path /5F3DDA63)
    (attr smd)
    (fp_text reference JNEG1 (at -1.5 7) (layer F.SilkS)
      (effects (font (size 1 1) (thickness 0.15)))
    )
    (fp_text value Conn_Coaxial (at -1.72 -7.11) (layer F.Fab)
      (effects (font (size 1 1) (thickness 0.15)))
    )
    (fp_line (start -4.191 3.1595) (end -0.381 3.1595) (layer F.Fab) (width 0.12))
    (fp_line (start -0.381 2.3495) (end -0.381 3.1595) (layer F.Fab) (width 0.12))
    (fp_line (start -4.191 2.3495) (end -0.381 2.3495) (layer F.Fab) (width 0.12))
    (fp_line (start -4.191 0.3655) (end -0.381 0.3655) (layer F.Fab) (width 0.12))
    (fp_line (start -0.381 -0.4445) (end -0.381 0.3655) (layer F.Fab) (width 0.12))
    (fp_line (start -4.191 -0.4445) (end -0.381 -0.4445) (layer F.Fab) (width 0.12))
    (fp_line (start -0.4445 -3.2385) (end -0.4445 -2.4285) (layer F.Fab) (width 0.12))
    (fp_line (start -4.2545 -2.4285) (end -0.4445 -2.4285) (layer F.Fab) (width 0.12))
    (fp_line (start -4.2545 -3.2385) (end -0.4445 -3.2385) (layer F.Fab) (width 0.12))
    (fp_line (start -4.2545 -3.2385) (end -4.2555 3.175) (layer F.Fab) (width 0.12))
    (fp_line (start -5.9055 3.175) (end -4.2555 3.175) (layer F.Fab) (width 0.12))
    (fp_line (start -5.9055 -3.2385) (end -4.2555 -3.2385) (layer F.Fab) (width 0.12))
    (fp_line (start -5.9055 -3.18) (end -5.9055 3.18) (layer F.Fab) (width 0.12))
    (fp_line (start 2.5 0.25) (end 2.5 -0.25) (layer F.Fab) (width 0.1))
    (fp_line (start 2 0) (end 2.5 0.25) (layer F.Fab) (width 0.1))
    (fp_line (start 2.5 -0.25) (end 2 0) (layer F.Fab) (width 0.1))
    (fp_line (start 2.5 0.25) (end 2 0) (layer F.SilkS) (width 0.12))
    (fp_line (start 2.5 -0.25) (end 2.5 0.25) (layer F.SilkS) (width 0.12))
    (fp_line (start 2 0) (end 2.5 -0.25) (layer F.SilkS) (width 0.12))
    (fp_line (start -14.29 -6.09) (end -14.29 6.09) (layer F.CrtYd) (width 0.05))
    (fp_line (start -14.29 6.09) (end 2.71 6.09) (layer F.CrtYd) (width 0.05))
    (fp_line (start 2.71 -6.09) (end 2.71 6.09) (layer B.CrtYd) (width 0.05))
    (fp_line (start -14.29 -6.09) (end 2.71 -6.09) (layer B.CrtYd) (width 0.05))
    (fp_line (start -14.29 -6.09) (end -14.29 6.09) (layer B.CrtYd) (width 0.05))
    (fp_line (start -14.29 6.09) (end 2.71 6.09) (layer B.CrtYd) (width 0.05))
    (fp_line (start 2.71 -6.09) (end 2.71 6.09) (layer F.CrtYd) (width 0.05))
